Label,,,,,,,,,,,,,,,,,,,,,,,,,,,,,,,,,,,,,,,,,,,,,,,,,,,,,,,,,,,,,,,,,,,,,,,,,,,,,,,,,,,,,,,,,,,,,,,,,,,,,,,,,,,,,,,,,,,,,,,,,,,,,,,,,,,,,,,,,,,,,,,,,,,,,,,,,,,,,,,,,,,,,,,,,,,,,,,,,,,,,,,,,,,,,,,,,,,,,,,,,
Info,,,,,,,,,,,,,,,,,,,,,,,,,,,,,,,,,,,,,,,,,,,,,,,,,,,,,,,,,,,,,,,,,,,,,,,,,,,,,,,,,,,,,,,,,,,,,,,,,,,,,,,,,,,,,,,,,,,,,,,,,,,,,,,,,,,,,,,,,,,,,,,,,,,,,,,,,,,,,,,,,,,,,,,,,,,,,,,,,,,,,,,,,,,,,,,,,,,,,,,,,
Time,Blank,1,2,3,4,5,6,7,8,9,10,11,12,13,14,15,16,17,18,19,20,21,22,23,24,25,26,27,28,29,30,31,32,33,34,35,36,37,38,39,40,41,42,43,44,45,46,47,48,49,50,51,52,53,54,55,56,57,58,59,60,61,62,63,64,65,66,67,68,69,70,71,72,73,74,75,76,77,78,79,80,81,82,83,84,85,86,87,88,89,90,91,92,93,94,95,96,97,98,99,100,101,102,103,104,105,106,107,108,109,110,111,112,113,114,115,116,117,118,119,120,121,122,123,124,125,126,127,128,129,130,131,132,133,134,135,136,137,138,139,140,141,142,143,144,145,146,147,148,149,150,151,152,153,154,155,156,157,158,159,160,161,162,163,164,165,166,167,168,169,170,171,172,173,174,175,176,177,178,179,180,181,182,183,184,185,186,187,188,189,190,191,192,193,194,195,196,197,198,199,200
00:00:00,0,0.207,0.193,0.188,0.162,0.158,0.157,0.152,0.151,0.159,0.159,0.165,0.162,0.199,0.195,0.198,0.213,0.207,0.217,0.214,0.216,0.226,0.252,0.245,0.238,0.242,0.242,0.238,0.227,0.235,0.24,0.23,0.215,0.209,0.198,0.197,0.199,0.208,0.213,0.215,0.229,0.237,0.222,0.207,0.202,0.203,0.218,0.216,0.211,0.21,0.213,0.224,0.201,0.199,0.195,0.208,0.209,0.209,0.194,0.198,0.205,0.213,0.204,0.199,0.193,0.193,0.197,0.216,0.212,0.214,0.238,0.242,0.242,0.234,0.236,0.235,0.217,0.213,0.207,0.195,0.204,0.214,0.21,0.211,0.212,0.227,0.228,0.222,0.201,0.198,0.199,0.213,0.217,0.22,0.221,0.222,0.22,0.213,0.203,0.201,0.208,0.243,0.222,0.198,0.194,0.193,0.203,0.197,0.199,0.207,0.209,0.21,0.238,0.234,0.231,0.243,0.235,0.242,0.232,0.229,0.234,0.238,0.215,0.212,0.198,0.196,0.198,0.212,0.209,0.22,0.208,0.212,0.203,0.208,0.205,0.205,0.202,0.201,0.206,0.205,0.221,0.233,0.204,0.197,0.195,0.202,0.198,0.2,0.198,0.201,0.207,0.213,0.206,0.203,0.197,0.199,0.201,0.22,0.227,0.233,0.246,0.269,0.253,0.238,0.242,0.241,0.208,0.206,0.204,0.194,0.196,0.199,0.217,0.219,0.218,0.218,0.216,0.212,0.205,0.205,0.212,0.228,0.222,0.227,0.217,0.22,0.22,0.211,0.205,0.201,0.204,0.214,0.217,0.161,0.163,0.163,0.161,0.161,0.155,0.154,0.153
00:30:06,0,0.22,0.211,0.208,0.195,0.192,0.191,0.184,0.184,0.191,0.191,0.193,0.187,0.245,0.245,0.246,0.263,0.258,0.262,0.258,0.27,0.272,0.272,0.268,0.266,0.264,0.265,0.264,0.261,0.265,0.267,0.263,0.26,0.26,0.25,0.25,0.25,0.257,0.257,0.258,0.274,0.285,0.261,0.253,0.252,0.252,0.258,0.258,0.255,0.255,0.255,0.257,0.246,0.246,0.244,0.255,0.256,0.255,0.246,0.25,0.265,0.266,0.251,0.249,0.241,0.242,0.244,0.262,0.256,0.258,0.273,0.267,0.267,0.265,0.268,0.268,0.262,0.258,0.252,0.249,0.249,0.261,0.254,0.254,0.256,0.263,0.264,0.262,0.252,0.25,0.25,0.252,0.254,0.254,0.255,0.259,0.256,0.252,0.247,0.246,0.248,0.281,0.265,0.248,0.242,0.247,0.248,0.244,0.247,0.26,0.261,0.258,0.278,0.276,0.275,0.278,0.279,0.278,0.28,0.281,0.282,0.294,0.266,0.264,0.258,0.256,0.255,0.264,0.266,0.271,0.252,0.259,0.252,0.26,0.256,0.259,0.243,0.251,0.249,0.263,0.267,0.288,0.258,0.256,0.255,0.26,0.257,0.261,0.252,0.253,0.255,0.264,0.26,0.257,0.255,0.253,0.248,0.272,0.275,0.279,0.288,0.288,0.287,0.276,0.274,0.274,0.255,0.248,0.245,0.244,0.238,0.249,0.265,0.266,0.264,0.263,0.264,0.262,0.259,0.257,0.263,0.263,0.264,0.266,0.262,0.263,0.266,0.255,0.254,0.259,0.256,0.255,0.261,0.165,0.167,0.167,0.165,0.164,0.159,0.158,0.157
01:00:06,0,0.214,0.204,0.201,0.193,0.189,0.187,0.183,0.183,0.191,0.192,0.191,0.187,0.252,0.251,0.251,0.268,0.263,0.267,0.262,0.28,0.273,0.275,0.274,0.273,0.271,0.272,0.272,0.27,0.272,0.274,0.265,0.263,0.263,0.254,0.255,0.254,0.263,0.266,0.265,0.28,0.278,0.265,0.257,0.255,0.256,0.264,0.266,0.262,0.264,0.261,0.261,0.25,0.249,0.248,0.258,0.26,0.261,0.252,0.258,0.276,0.27,0.255,0.253,0.246,0.247,0.249,0.269,0.266,0.265,0.277,0.27,0.27,0.268,0.271,0.27,0.268,0.264,0.258,0.256,0.256,0.269,0.259,0.259,0.26,0.269,0.27,0.268,0.258,0.257,0.257,0.257,0.258,0.259,0.258,0.262,0.261,0.256,0.252,0.251,0.257,0.289,0.27,0.254,0.252,0.254,0.257,0.253,0.254,0.269,0.269,0.265,0.281,0.279,0.277,0.279,0.282,0.279,0.282,0.282,0.286,0.288,0.271,0.27,0.266,0.264,0.262,0.273,0.273,0.28,0.264,0.266,0.257,0.269,0.266,0.266,0.25,0.257,0.255,0.273,0.279,0.29,0.265,0.262,0.261,0.266,0.264,0.268,0.262,0.264,0.265,0.269,0.265,0.26,0.26,0.26,0.256,0.279,0.279,0.287,0.289,0.29,0.29,0.281,0.28,0.28,0.266,0.264,0.258,0.255,0.251,0.257,0.28,0.28,0.284,0.275,0.277,0.281,0.271,0.266,0.275,0.282,0.269,0.279,0.267,0.268,0.275,0.262,0.264,0.271,0.264,0.26,0.268,0.161,0.163,0.163,0.161,0.16,0.154,0.154,0.152
01:30:06,0,0.224,0.212,0.209,0.198,0.196,0.194,0.19,0.189,0.198,0.198,0.196,0.192,0.26,0.26,0.26,0.28,0.274,0.279,0.272,0.293,0.277,0.287,0.285,0.284,0.282,0.282,0.283,0.281,0.286,0.288,0.276,0.273,0.273,0.262,0.264,0.264,0.278,0.28,0.282,0.282,0.281,0.274,0.265,0.263,0.265,0.276,0.282,0.277,0.28,0.276,0.271,0.257,0.257,0.256,0.273,0.273,0.274,0.26,0.266,0.286,0.28,0.263,0.261,0.255,0.255,0.259,0.282,0.278,0.279,0.288,0.279,0.279,0.278,0.28,0.28,0.28,0.277,0.274,0.269,0.267,0.28,0.272,0.271,0.272,0.282,0.284,0.283,0.27,0.27,0.272,0.269,0.27,0.271,0.269,0.274,0.273,0.269,0.265,0.264,0.274,0.294,0.283,0.265,0.262,0.264,0.267,0.263,0.265,0.28,0.282,0.277,0.29,0.288,0.287,0.29,0.292,0.289,0.292,0.293,0.303,0.294,0.284,0.282,0.277,0.273,0.273,0.287,0.285,0.295,0.277,0.276,0.266,0.28,0.276,0.277,0.26,0.265,0.264,0.284,0.287,0.293,0.275,0.27,0.271,0.275,0.274,0.278,0.27,0.271,0.275,0.277,0.273,0.269,0.267,0.268,0.265,0.29,0.29,0.298,0.3,0.303,0.297,0.291,0.291,0.29,0.275,0.273,0.268,0.263,0.262,0.265,0.288,0.288,0.29,0.284,0.287,0.289,0.28,0.273,0.282,0.288,0.278,0.288,0.275,0.275,0.285,0.271,0.273,0.283,0.274,0.268,0.278,0.167,0.17,0.17,0.168,0.168,0.162,0.161,0.159
02:00:06,0,0.223,0.209,0.204,0.198,0.194,0.193,0.189,0.189,0.195,0.197,0.192,0.187,0.259,0.258,0.259,0.283,0.277,0.284,0.279,0.283,0.274,0.288,0.285,0.286,0.282,0.283,0.284,0.283,0.286,0.288,0.278,0.275,0.275,0.261,0.265,0.263,0.279,0.281,0.282,0.282,0.279,0.276,0.268,0.265,0.267,0.277,0.284,0.28,0.284,0.28,0.272,0.256,0.257,0.256,0.274,0.275,0.276,0.262,0.269,0.277,0.276,0.263,0.262,0.253,0.254,0.257,0.283,0.279,0.28,0.289,0.278,0.277,0.277,0.279,0.278,0.281,0.28,0.275,0.275,0.268,0.269,0.274,0.272,0.274,0.282,0.284,0.283,0.274,0.274,0.274,0.271,0.271,0.272,0.271,0.276,0.274,0.27,0.267,0.266,0.277,0.291,0.285,0.266,0.262,0.264,0.267,0.263,0.266,0.281,0.283,0.278,0.29,0.288,0.286,0.289,0.292,0.29,0.293,0.295,0.303,0.29,0.286,0.284,0.277,0.274,0.276,0.287,0.287,0.294,0.278,0.277,0.266,0.281,0.277,0.278,0.258,0.265,0.264,0.285,0.287,0.289,0.276,0.272,0.272,0.277,0.275,0.28,0.27,0.272,0.276,0.277,0.271,0.267,0.266,0.268,0.263,0.29,0.29,0.296,0.3,0.303,0.298,0.29,0.29,0.29,0.273,0.272,0.267,0.261,0.26,0.263,0.286,0.287,0.289,0.285,0.287,0.288,0.279,0.273,0.28,0.281,0.278,0.286,0.275,0.276,0.284,0.271,0.272,0.282,0.274,0.268,0.277,0.162,0.164,0.165,0.163,0.162,0.156,0.156,0.155
02:30:06,0,0.223,0.211,0.205,0.197,0.197,0.196,0.192,0.192,0.201,0.202,0.198,0.193,0.266,0.265,0.266,0.291,0.286,0.294,0.285,0.284,0.283,0.293,0.292,0.292,0.289,0.29,0.291,0.292,0.293,0.296,0.286,0.283,0.284,0.268,0.274,0.271,0.287,0.29,0.292,0.294,0.287,0.285,0.276,0.273,0.276,0.284,0.29,0.287,0.29,0.288,0.28,0.266,0.265,0.266,0.282,0.283,0.284,0.272,0.281,0.284,0.279,0.272,0.27,0.26,0.261,0.265,0.291,0.287,0.289,0.297,0.284,0.283,0.283,0.285,0.285,0.29,0.289,0.284,0.283,0.278,0.273,0.28,0.28,0.281,0.291,0.293,0.291,0.283,0.283,0.285,0.279,0.279,0.279,0.278,0.283,0.282,0.278,0.275,0.276,0.281,0.302,0.291,0.273,0.271,0.271,0.276,0.271,0.274,0.291,0.294,0.285,0.298,0.297,0.295,0.298,0.302,0.298,0.301,0.301,0.31,0.3,0.294,0.292,0.283,0.281,0.283,0.295,0.295,0.301,0.286,0.285,0.272,0.288,0.285,0.287,0.265,0.273,0.272,0.292,0.297,0.296,0.285,0.28,0.281,0.284,0.284,0.288,0.277,0.28,0.285,0.284,0.277,0.272,0.272,0.273,0.269,0.295,0.295,0.302,0.307,0.31,0.303,0.296,0.296,0.296,0.279,0.279,0.273,0.267,0.267,0.268,0.292,0.292,0.294,0.289,0.292,0.293,0.283,0.28,0.283,0.284,0.284,0.29,0.281,0.282,0.289,0.279,0.279,0.288,0.281,0.274,0.281,0.166,0.168,0.168,0.167,0.166,0.16,0.159,0.158
03:00:06,0,0.224,0.212,0.206,0.2,0.199,0.197,0.192,0.192,0.199,0.2,0.195,0.188,0.265,0.264,0.265,0.287,0.282,0.29,0.283,0.281,0.279,0.286,0.286,0.286,0.283,0.284,0.286,0.286,0.288,0.291,0.282,0.279,0.28,0.264,0.269,0.268,0.282,0.285,0.285,0.292,0.284,0.279,0.273,0.271,0.273,0.28,0.287,0.284,0.287,0.285,0.276,0.263,0.263,0.264,0.278,0.28,0.28,0.272,0.279,0.284,0.276,0.272,0.269,0.26,0.26,0.264,0.288,0.284,0.286,0.291,0.279,0.278,0.279,0.28,0.28,0.288,0.286,0.282,0.284,0.277,0.272,0.277,0.277,0.279,0.288,0.29,0.289,0.282,0.281,0.283,0.276,0.276,0.276,0.275,0.279,0.278,0.274,0.272,0.272,0.277,0.302,0.289,0.272,0.27,0.27,0.274,0.271,0.272,0.29,0.292,0.284,0.293,0.293,0.291,0.293,0.297,0.294,0.297,0.297,0.305,0.3,0.29,0.29,0.281,0.279,0.279,0.292,0.291,0.298,0.286,0.283,0.275,0.283,0.281,0.283,0.263,0.269,0.269,0.288,0.293,0.295,0.279,0.279,0.278,0.281,0.281,0.284,0.275,0.277,0.282,0.279,0.273,0.269,0.268,0.268,0.265,0.29,0.29,0.294,0.301,0.303,0.295,0.29,0.29,0.288,0.275,0.275,0.269,0.262,0.262,0.264,0.287,0.287,0.289,0.284,0.287,0.288,0.279,0.276,0.28,0.278,0.28,0.285,0.276,0.278,0.284,0.275,0.276,0.284,0.278,0.269,0.276,0.165,0.167,0.166,0.164,0.164,0.158,0.157,0.156
03:30:06,0,0.218,0.206,0.202,0.198,0.195,0.194,0.188,0.189,0.197,0.199,0.193,0.188,0.268,0.267,0.272,0.289,0.285,0.293,0.283,0.284,0.282,0.287,0.286,0.286,0.283,0.284,0.286,0.286,0.289,0.292,0.283,0.281,0.282,0.266,0.271,0.27,0.284,0.286,0.287,0.298,0.287,0.281,0.274,0.273,0.275,0.281,0.289,0.286,0.29,0.288,0.278,0.266,0.265,0.267,0.279,0.281,0.282,0.275,0.281,0.291,0.28,0.275,0.273,0.263,0.263,0.267,0.29,0.286,0.288,0.292,0.279,0.279,0.28,0.281,0.281,0.291,0.289,0.285,0.285,0.283,0.275,0.28,0.279,0.281,0.29,0.293,0.292,0.285,0.284,0.285,0.279,0.279,0.279,0.278,0.282,0.281,0.276,0.274,0.275,0.283,0.306,0.291,0.276,0.273,0.278,0.278,0.274,0.277,0.293,0.296,0.285,0.294,0.293,0.292,0.294,0.298,0.295,0.297,0.296,0.303,0.305,0.292,0.291,0.282,0.28,0.28,0.295,0.294,0.301,0.289,0.285,0.276,0.285,0.282,0.284,0.263,0.27,0.273,0.292,0.298,0.3,0.284,0.281,0.28,0.284,0.283,0.287,0.275,0.277,0.286,0.282,0.272,0.268,0.267,0.268,0.264,0.29,0.29,0.295,0.303,0.305,0.294,0.29,0.29,0.288,0.274,0.273,0.268,0.261,0.262,0.263,0.287,0.287,0.288,0.284,0.287,0.288,0.28,0.28,0.282,0.281,0.28,0.285,0.279,0.281,0.285,0.278,0.279,0.285,0.281,0.272,0.277,0.162,0.164,0.163,0.162,0.161,0.155,0.154,0.153
04:00:06,0,0.209,0.195,0.189,0.188,0.184,0.182,0.175,0.177,0.185,0.185,0.184,0.179,0.266,0.262,0.266,0.285,0.281,0.288,0.28,0.281,0.278,0.28,0.28,0.28,0.277,0.278,0.279,0.279,0.282,0.284,0.279,0.276,0.278,0.26,0.266,0.265,0.279,0.281,0.284,0.297,0.284,0.278,0.271,0.269,0.271,0.276,0.285,0.281,0.286,0.283,0.272,0.261,0.26,0.262,0.274,0.276,0.276,0.271,0.28,0.288,0.277,0.27,0.269,0.259,0.258,0.266,0.283,0.28,0.282,0.285,0.272,0.273,0.273,0.275,0.275,0.286,0.285,0.281,0.279,0.278,0.273,0.275,0.275,0.277,0.286,0.289,0.287,0.28,0.28,0.281,0.275,0.276,0.275,0.274,0.278,0.278,0.273,0.269,0.271,0.282,0.307,0.287,0.276,0.27,0.275,0.278,0.269,0.278,0.289,0.293,0.281,0.288,0.287,0.286,0.288,0.293,0.289,0.291,0.29,0.296,0.306,0.291,0.287,0.277,0.274,0.275,0.29,0.29,0.297,0.285,0.281,0.272,0.28,0.277,0.279,0.257,0.266,0.268,0.287,0.294,0.299,0.278,0.274,0.273,0.278,0.277,0.28,0.267,0.271,0.278,0.274,0.265,0.261,0.26,0.261,0.256,0.284,0.283,0.289,0.297,0.3,0.288,0.283,0.283,0.282,0.267,0.266,0.26,0.253,0.254,0.257,0.28,0.28,0.282,0.277,0.28,0.281,0.273,0.273,0.277,0.277,0.274,0.278,0.273,0.275,0.279,0.273,0.274,0.279,0.277,0.266,0.27,0.153,0.155,0.155,0.153,0.153,0.147,0.146,0.144
04:30:06,0,0.225,0.211,0.207,0.206,0.202,0.201,0.195,0.197,0.203,0.203,0.202,0.197,0.287,0.287,0.288,0.307,0.303,0.31,0.305,0.31,0.304,0.302,0.3,0.301,0.297,0.297,0.3,0.3,0.303,0.306,0.301,0.297,0.299,0.281,0.286,0.285,0.3,0.302,0.307,0.321,0.31,0.298,0.291,0.289,0.292,0.297,0.306,0.303,0.307,0.305,0.293,0.281,0.279,0.281,0.294,0.296,0.297,0.292,0.302,0.314,0.3,0.29,0.289,0.283,0.282,0.286,0.305,0.301,0.304,0.306,0.293,0.293,0.294,0.295,0.295,0.309,0.308,0.303,0.303,0.301,0.297,0.296,0.297,0.298,0.308,0.311,0.31,0.302,0.302,0.304,0.298,0.298,0.298,0.297,0.302,0.301,0.295,0.292,0.294,0.305,0.33,0.311,0.298,0.293,0.297,0.299,0.295,0.299,0.311,0.314,0.303,0.307,0.307,0.305,0.307,0.312,0.308,0.31,0.311,0.314,0.332,0.314,0.308,0.298,0.295,0.296,0.312,0.312,0.318,0.307,0.303,0.294,0.301,0.298,0.3,0.28,0.288,0.288,0.309,0.318,0.325,0.3,0.295,0.294,0.299,0.298,0.301,0.285,0.29,0.298,0.294,0.283,0.278,0.278,0.279,0.275,0.304,0.303,0.31,0.318,0.32,0.308,0.304,0.303,0.302,0.285,0.283,0.278,0.271,0.273,0.275,0.3,0.3,0.301,0.296,0.299,0.3,0.292,0.291,0.298,0.297,0.292,0.298,0.292,0.295,0.298,0.292,0.293,0.299,0.298,0.286,0.29,0.17,0.172,0.172,0.17,0.17,0.164,0.163,0.161
05:00:06,0,0.222,0.207,0.202,0.201,0.198,0.197,0.19,0.193,0.2,0.197,0.196,0.191,0.285,0.285,0.286,0.304,0.3,0.307,0.3,0.31,0.301,0.298,0.296,0.296,0.293,0.294,0.296,0.296,0.299,0.301,0.299,0.295,0.297,0.279,0.283,0.282,0.297,0.301,0.304,0.319,0.307,0.296,0.289,0.285,0.289,0.294,0.303,0.3,0.304,0.302,0.29,0.278,0.277,0.279,0.292,0.294,0.294,0.291,0.301,0.314,0.3,0.289,0.288,0.281,0.281,0.286,0.302,0.298,0.301,0.302,0.29,0.289,0.29,0.293,0.292,0.308,0.306,0.302,0.301,0.303,0.297,0.295,0.295,0.296,0.307,0.309,0.308,0.3,0.3,0.302,0.298,0.297,0.297,0.296,0.3,0.299,0.292,0.29,0.292,0.304,0.327,0.309,0.297,0.293,0.296,0.298,0.297,0.298,0.309,0.313,0.302,0.303,0.302,0.301,0.303,0.307,0.304,0.306,0.306,0.31,0.329,0.311,0.308,0.295,0.293,0.295,0.311,0.311,0.317,0.307,0.303,0.293,0.299,0.296,0.298,0.281,0.287,0.287,0.305,0.318,0.322,0.296,0.293,0.291,0.297,0.296,0.299,0.281,0.285,0.294,0.29,0.279,0.274,0.274,0.275,0.27,0.3,0.299,0.304,0.314,0.315,0.305,0.3,0.3,0.299,0.281,0.28,0.275,0.267,0.27,0.272,0.296,0.296,0.298,0.292,0.295,0.296,0.288,0.287,0.296,0.295,0.289,0.295,0.289,0.292,0.295,0.29,0.29,0.296,0.295,0.283,0.286,0.164,0.166,0.166,0.164,0.164,0.158,0.157,0.155
05:30:06,0,0.226,0.211,0.205,0.202,0.197,0.196,0.189,0.19,0.199,0.201,0.201,0.196,0.296,0.295,0.296,0.313,0.309,0.317,0.309,0.322,0.311,0.306,0.304,0.305,0.301,0.301,0.303,0.304,0.307,0.309,0.308,0.304,0.306,0.288,0.293,0.292,0.307,0.309,0.313,0.326,0.32,0.306,0.299,0.296,0.299,0.304,0.314,0.309,0.314,0.313,0.301,0.287,0.286,0.289,0.302,0.304,0.304,0.304,0.313,0.327,0.312,0.301,0.3,0.293,0.292,0.297,0.312,0.308,0.31,0.312,0.299,0.298,0.3,0.302,0.302,0.321,0.319,0.315,0.312,0.318,0.311,0.308,0.307,0.31,0.319,0.322,0.32,0.312,0.312,0.315,0.309,0.308,0.308,0.307,0.311,0.31,0.303,0.3,0.302,0.316,0.333,0.317,0.309,0.305,0.308,0.309,0.307,0.31,0.32,0.325,0.312,0.311,0.31,0.309,0.311,0.315,0.312,0.314,0.314,0.318,0.338,0.321,0.319,0.305,0.303,0.304,0.321,0.322,0.328,0.319,0.315,0.306,0.309,0.306,0.308,0.297,0.3,0.299,0.317,0.33,0.333,0.306,0.303,0.301,0.307,0.305,0.309,0.289,0.293,0.301,0.298,0.286,0.283,0.281,0.282,0.278,0.307,0.307,0.311,0.321,0.324,0.311,0.307,0.307,0.306,0.289,0.288,0.283,0.275,0.278,0.279,0.304,0.304,0.305,0.3,0.303,0.304,0.296,0.294,0.306,0.303,0.297,0.301,0.296,0.299,0.303,0.297,0.298,0.304,0.303,0.29,0.294,0.171,0.173,0.173,0.171,0.171,0.165,0.164,0.162
06:00:06,0,0.217,0.202,0.196,0.192,0.188,0.188,0.18,0.183,0.19,0.19,0.189,0.184,0.287,0.286,0.287,0.302,0.298,0.306,0.298,0.312,0.302,0.294,0.293,0.293,0.289,0.29,0.292,0.293,0.295,0.298,0.297,0.293,0.295,0.277,0.281,0.28,0.295,0.298,0.301,0.315,0.309,0.297,0.287,0.284,0.286,0.293,0.302,0.298,0.302,0.301,0.289,0.276,0.275,0.277,0.29,0.292,0.292,0.294,0.303,0.317,0.305,0.293,0.291,0.285,0.285,0.29,0.3,0.297,0.3,0.3,0.287,0.287,0.288,0.29,0.29,0.311,0.309,0.305,0.3,0.306,0.302,0.299,0.298,0.3,0.31,0.313,0.312,0.302,0.303,0.305,0.299,0.299,0.298,0.298,0.302,0.301,0.292,0.289,0.29,0.306,0.317,0.306,0.302,0.298,0.301,0.302,0.3,0.303,0.311,0.316,0.302,0.3,0.299,0.297,0.299,0.303,0.3,0.302,0.304,0.305,0.327,0.313,0.308,0.293,0.291,0.293,0.311,0.311,0.317,0.31,0.305,0.299,0.298,0.295,0.297,0.289,0.292,0.291,0.306,0.321,0.323,0.295,0.291,0.289,0.295,0.294,0.297,0.279,0.28,0.289,0.286,0.274,0.27,0.269,0.269,0.265,0.294,0.294,0.298,0.308,0.31,0.299,0.294,0.293,0.292,0.278,0.275,0.271,0.262,0.265,0.268,0.29,0.29,0.292,0.286,0.29,0.29,0.282,0.282,0.294,0.291,0.284,0.289,0.284,0.287,0.291,0.286,0.286,0.292,0.292,0.279,0.282,0.161,0.163,0.162,0.161,0.16,0.154,0.153,0.151
06:30:06,0,0.216,0.2,0.195,0.192,0.189,0.188,0.18,0.183,0.192,0.191,0.19,0.185,0.293,0.292,0.294,0.307,0.303,0.312,0.303,0.319,0.306,0.298,0.296,0.297,0.293,0.293,0.295,0.296,0.299,0.302,0.302,0.298,0.3,0.282,0.285,0.285,0.3,0.303,0.306,0.315,0.315,0.302,0.292,0.289,0.291,0.297,0.307,0.303,0.307,0.305,0.293,0.28,0.279,0.281,0.294,0.297,0.296,0.302,0.312,0.322,0.314,0.301,0.298,0.292,0.292,0.296,0.304,0.301,0.304,0.303,0.29,0.29,0.291,0.293,0.293,0.318,0.316,0.312,0.305,0.313,0.31,0.304,0.304,0.307,0.317,0.32,0.319,0.309,0.309,0.311,0.305,0.305,0.304,0.304,0.308,0.307,0.297,0.294,0.295,0.311,0.322,0.312,0.309,0.305,0.309,0.309,0.308,0.311,0.317,0.322,0.309,0.303,0.302,0.3,0.303,0.307,0.303,0.305,0.306,0.306,0.332,0.319,0.316,0.3,0.298,0.298,0.318,0.318,0.325,0.32,0.314,0.306,0.304,0.302,0.304,0.297,0.299,0.298,0.313,0.328,0.33,0.301,0.297,0.296,0.301,0.3,0.303,0.282,0.284,0.293,0.288,0.277,0.273,0.271,0.272,0.267,0.297,0.297,0.302,0.311,0.312,0.301,0.297,0.297,0.295,0.283,0.279,0.273,0.264,0.268,0.27,0.293,0.293,0.295,0.289,0.292,0.293,0.284,0.284,0.298,0.293,0.287,0.291,0.286,0.289,0.293,0.289,0.289,0.294,0.296,0.283,0.285,0.162,0.164,0.164,0.162,0.162,0.156,0.155,0.154
07:00:06,0,0.216,0.2,0.194,0.191,0.187,0.187,0.179,0.183,0.191,0.19,0.189,0.184,0.295,0.293,0.295,0.309,0.306,0.313,0.307,0.321,0.308,0.299,0.298,0.298,0.293,0.293,0.296,0.297,0.299,0.302,0.304,0.3,0.302,0.282,0.287,0.287,0.302,0.306,0.309,0.316,0.317,0.303,0.294,0.291,0.293,0.299,0.308,0.304,0.308,0.307,0.294,0.28,0.279,0.281,0.295,0.297,0.297,0.308,0.317,0.326,0.32,0.305,0.303,0.296,0.296,0.301,0.306,0.302,0.306,0.305,0.291,0.291,0.292,0.294,0.294,0.324,0.322,0.318,0.307,0.318,0.315,0.307,0.309,0.312,0.323,0.326,0.325,0.313,0.314,0.317,0.309,0.309,0.309,0.308,0.313,0.312,0.3,0.298,0.3,0.316,0.322,0.317,0.314,0.31,0.314,0.313,0.313,0.314,0.321,0.325,0.313,0.304,0.303,0.301,0.303,0.308,0.305,0.307,0.307,0.308,0.336,0.325,0.321,0.303,0.3,0.301,0.323,0.323,0.33,0.324,0.318,0.311,0.308,0.305,0.307,0.302,0.304,0.304,0.319,0.331,0.334,0.305,0.299,0.298,0.304,0.303,0.306,0.281,0.283,0.292,0.288,0.277,0.272,0.27,0.271,0.266,0.298,0.297,0.303,0.313,0.315,0.302,0.297,0.297,0.296,0.282,0.278,0.272,0.264,0.268,0.268,0.291,0.291,0.293,0.287,0.29,0.291,0.283,0.284,0.296,0.294,0.286,0.29,0.285,0.289,0.292,0.287,0.288,0.294,0.295,0.283,0.285,0.161,0.163,0.163,0.162,0.161,0.155,0.154,0.152
07:30:06,0,0.22,0.205,0.201,0.198,0.195,0.195,0.184,0.189,0.197,0.198,0.194,0.189,0.303,0.302,0.303,0.316,0.312,0.319,0.313,0.327,0.315,0.304,0.303,0.304,0.299,0.299,0.301,0.302,0.304,0.308,0.311,0.307,0.309,0.291,0.295,0.294,0.309,0.312,0.317,0.325,0.324,0.309,0.3,0.297,0.3,0.306,0.314,0.312,0.315,0.314,0.301,0.287,0.286,0.288,0.301,0.303,0.303,0.317,0.325,0.336,0.332,0.315,0.315,0.308,0.308,0.313,0.312,0.309,0.312,0.31,0.296,0.296,0.297,0.3,0.298,0.334,0.331,0.328,0.316,0.326,0.325,0.318,0.318,0.322,0.331,0.334,0.333,0.323,0.323,0.326,0.32,0.319,0.319,0.319,0.323,0.322,0.309,0.307,0.31,0.326,0.332,0.326,0.328,0.324,0.328,0.326,0.325,0.328,0.33,0.335,0.323,0.308,0.308,0.306,0.308,0.313,0.31,0.312,0.313,0.317,0.345,0.334,0.331,0.312,0.309,0.31,0.333,0.334,0.34,0.336,0.331,0.324,0.318,0.316,0.317,0.313,0.316,0.316,0.327,0.339,0.344,0.314,0.309,0.308,0.314,0.312,0.315,0.287,0.289,0.298,0.294,0.282,0.277,0.276,0.277,0.272,0.301,0.301,0.306,0.315,0.317,0.306,0.302,0.301,0.3,0.287,0.283,0.277,0.269,0.274,0.274,0.297,0.297,0.299,0.293,0.296,0.297,0.289,0.29,0.304,0.301,0.293,0.297,0.292,0.295,0.299,0.295,0.296,0.3,0.302,0.291,0.292,0.168,0.17,0.17,0.168,0.167,0.161,0.161,0.159
08:00:06,0,0.218,0.201,0.196,0.195,0.193,0.192,0.184,0.188,0.194,0.195,0.193,0.189,0.305,0.303,0.305,0.317,0.314,0.321,0.313,0.329,0.318,0.307,0.305,0.306,0.301,0.301,0.303,0.303,0.306,0.309,0.311,0.308,0.31,0.291,0.295,0.294,0.309,0.312,0.316,0.32,0.326,0.31,0.301,0.298,0.301,0.306,0.315,0.312,0.315,0.315,0.302,0.287,0.287,0.289,0.301,0.304,0.303,0.321,0.331,0.34,0.337,0.32,0.319,0.312,0.313,0.318,0.313,0.31,0.314,0.31,0.297,0.296,0.297,0.3,0.299,0.337,0.335,0.331,0.319,0.328,0.326,0.322,0.321,0.324,0.334,0.337,0.336,0.328,0.327,0.33,0.322,0.321,0.321,0.322,0.328,0.326,0.312,0.31,0.312,0.326,0.332,0.329,0.331,0.327,0.331,0.332,0.33,0.334,0.334,0.338,0.326,0.308,0.308,0.307,0.307,0.313,0.31,0.311,0.311,0.314,0.347,0.34,0.336,0.314,0.312,0.313,0.336,0.336,0.343,0.34,0.333,0.326,0.321,0.319,0.321,0.316,0.318,0.319,0.331,0.342,0.345,0.315,0.311,0.309,0.316,0.315,0.318,0.284,0.287,0.297,0.292,0.28,0.276,0.274,0.275,0.27,0.3,0.299,0.305,0.313,0.317,0.305,0.301,0.301,0.3,0.286,0.282,0.276,0.268,0.273,0.273,0.296,0.296,0.297,0.292,0.295,0.296,0.288,0.289,0.305,0.301,0.291,0.295,0.29,0.294,0.298,0.293,0.295,0.299,0.301,0.287,0.289,0.165,0.167,0.167,0.165,0.165,0.159,0.158,0.156
08:30:06,0,0.221,0.204,0.2,0.198,0.195,0.194,0.186,0.189,0.194,0.196,0.194,0.19,0.31,0.308,0.311,0.323,0.321,0.329,0.32,0.334,0.322,0.313,0.312,0.312,0.306,0.306,0.308,0.31,0.311,0.314,0.318,0.314,0.317,0.296,0.301,0.3,0.316,0.32,0.324,0.327,0.331,0.317,0.306,0.304,0.306,0.312,0.322,0.318,0.322,0.323,0.307,0.292,0.291,0.294,0.307,0.31,0.311,0.33,0.341,0.348,0.346,0.329,0.327,0.321,0.32,0.327,0.32,0.317,0.321,0.317,0.302,0.302,0.304,0.305,0.305,0.347,0.345,0.341,0.33,0.338,0.336,0.33,0.329,0.335,0.342,0.345,0.344,0.336,0.336,0.338,0.329,0.328,0.327,0.329,0.335,0.334,0.32,0.318,0.321,0.336,0.339,0.337,0.34,0.335,0.34,0.339,0.338,0.341,0.343,0.349,0.334,0.313,0.311,0.31,0.311,0.317,0.314,0.315,0.315,0.317,0.355,0.346,0.344,0.322,0.32,0.32,0.343,0.343,0.352,0.35,0.342,0.335,0.328,0.326,0.328,0.325,0.327,0.328,0.342,0.35,0.355,0.322,0.319,0.317,0.323,0.322,0.325,0.286,0.29,0.301,0.295,0.282,0.277,0.276,0.277,0.271,0.305,0.303,0.309,0.318,0.323,0.309,0.306,0.306,0.304,0.288,0.284,0.279,0.271,0.277,0.276,0.299,0.299,0.301,0.295,0.298,0.299,0.291,0.293,0.312,0.31,0.294,0.298,0.295,0.297,0.302,0.297,0.299,0.304,0.307,0.29,0.291,0.166,0.167,0.167,0.165,0.165,0.159,0.159,0.157
09:00:06,0,0.224,0.207,0.202,0.198,0.196,0.196,0.186,0.189,0.201,0.199,0.2,0.195,0.32,0.318,0.322,0.333,0.33,0.338,0.329,0.343,0.329,0.323,0.323,0.323,0.316,0.315,0.319,0.318,0.321,0.324,0.327,0.323,0.326,0.305,0.31,0.309,0.325,0.328,0.334,0.335,0.339,0.326,0.314,0.312,0.314,0.321,0.33,0.327,0.331,0.331,0.316,0.301,0.3,0.302,0.316,0.318,0.318,0.341,0.353,0.357,0.357,0.342,0.34,0.332,0.333,0.339,0.33,0.327,0.33,0.326,0.31,0.311,0.312,0.314,0.314,0.359,0.357,0.354,0.339,0.346,0.344,0.341,0.341,0.346,0.353,0.356,0.356,0.348,0.348,0.349,0.34,0.34,0.339,0.341,0.347,0.346,0.334,0.331,0.334,0.346,0.35,0.349,0.354,0.349,0.354,0.353,0.352,0.355,0.354,0.36,0.345,0.32,0.319,0.318,0.32,0.325,0.322,0.323,0.323,0.331,0.366,0.358,0.356,0.333,0.331,0.332,0.355,0.355,0.361,0.362,0.354,0.349,0.338,0.337,0.339,0.338,0.34,0.34,0.353,0.36,0.364,0.333,0.329,0.327,0.333,0.333,0.336,0.292,0.296,0.308,0.302,0.289,0.285,0.283,0.285,0.278,0.311,0.311,0.316,0.326,0.329,0.316,0.312,0.312,0.311,0.295,0.291,0.285,0.277,0.283,0.283,0.306,0.306,0.308,0.302,0.305,0.306,0.298,0.3,0.32,0.315,0.3,0.305,0.301,0.305,0.309,0.305,0.307,0.311,0.314,0.297,0.299,0.173,0.175,0.175,0.173,0.173,0.167,0.166,0.164
09:30:06,0,0.236,0.22,0.215,0.213,0.209,0.209,0.201,0.204,0.211,0.213,0.211,0.206,0.331,0.33,0.332,0.343,0.341,0.35,0.34,0.35,0.34,0.334,0.334,0.334,0.327,0.327,0.33,0.329,0.331,0.335,0.337,0.334,0.337,0.316,0.32,0.32,0.335,0.339,0.343,0.347,0.351,0.338,0.326,0.323,0.326,0.332,0.342,0.338,0.343,0.343,0.327,0.311,0.311,0.313,0.325,0.328,0.329,0.357,0.367,0.374,0.373,0.355,0.355,0.347,0.348,0.355,0.342,0.34,0.343,0.337,0.322,0.322,0.323,0.326,0.324,0.373,0.372,0.368,0.351,0.362,0.355,0.355,0.355,0.36,0.367,0.371,0.369,0.363,0.361,0.363,0.354,0.353,0.352,0.354,0.36,0.36,0.348,0.346,0.346,0.358,0.364,0.361,0.368,0.363,0.369,0.368,0.368,0.37,0.369,0.375,0.359,0.331,0.33,0.33,0.331,0.337,0.334,0.336,0.336,0.344,0.379,0.374,0.372,0.347,0.345,0.345,0.37,0.37,0.376,0.38,0.37,0.364,0.353,0.351,0.353,0.353,0.355,0.356,0.366,0.374,0.376,0.349,0.345,0.344,0.349,0.349,0.351,0.302,0.306,0.318,0.312,0.298,0.294,0.292,0.294,0.288,0.321,0.32,0.327,0.336,0.341,0.326,0.322,0.322,0.321,0.305,0.301,0.295,0.289,0.295,0.293,0.315,0.315,0.317,0.311,0.315,0.316,0.307,0.311,0.332,0.328,0.31,0.314,0.31,0.314,0.318,0.314,0.316,0.32,0.324,0.306,0.307,0.187,0.189,0.189,0.187,0.186,0.18,0.179,0.177
10:00:06,0,0.223,0.205,0.2,0.197,0.195,0.195,0.186,0.189,0.197,0.198,0.198,0.193,0.321,0.32,0.321,0.331,0.329,0.336,0.327,0.334,0.326,0.324,0.323,0.323,0.315,0.315,0.317,0.316,0.317,0.32,0.325,0.322,0.324,0.304,0.308,0.308,0.322,0.325,0.328,0.33,0.336,0.326,0.314,0.312,0.314,0.319,0.326,0.324,0.326,0.327,0.315,0.299,0.299,0.301,0.313,0.315,0.316,0.347,0.356,0.361,0.36,0.347,0.347,0.339,0.34,0.346,0.331,0.328,0.331,0.323,0.31,0.311,0.312,0.314,0.313,0.365,0.363,0.359,0.339,0.345,0.339,0.346,0.346,0.351,0.359,0.363,0.36,0.351,0.349,0.35,0.345,0.345,0.344,0.346,0.352,0.351,0.338,0.335,0.337,0.346,0.353,0.352,0.361,0.357,0.362,0.361,0.36,0.364,0.359,0.364,0.352,0.32,0.32,0.319,0.321,0.326,0.324,0.324,0.324,0.327,0.369,0.364,0.363,0.337,0.335,0.335,0.36,0.361,0.366,0.369,0.363,0.356,0.345,0.342,0.345,0.344,0.347,0.347,0.356,0.358,0.367,0.341,0.337,0.335,0.341,0.34,0.343,0.289,0.292,0.303,0.3,0.286,0.282,0.281,0.282,0.276,0.309,0.309,0.315,0.319,0.323,0.311,0.307,0.307,0.306,0.29,0.286,0.281,0.273,0.279,0.28,0.302,0.302,0.303,0.298,0.301,0.301,0.294,0.296,0.314,0.31,0.295,0.299,0.296,0.3,0.303,0.298,0.3,0.303,0.306,0.294,0.296,0.172,0.173,0.173,0.172,0.171,0.165,0.164,0.162
10:30:06,0,0.22,0.199,0.194,0.19,0.187,0.189,0.179,0.182,0.189,0.187,0.188,0.182,0.317,0.316,0.318,0.326,0.325,0.331,0.322,0.328,0.323,0.319,0.318,0.319,0.311,0.31,0.313,0.312,0.313,0.316,0.321,0.317,0.32,0.301,0.305,0.304,0.317,0.32,0.324,0.326,0.329,0.322,0.31,0.307,0.31,0.315,0.322,0.32,0.322,0.323,0.311,0.295,0.295,0.297,0.308,0.31,0.31,0.347,0.355,0.359,0.358,0.347,0.346,0.339,0.339,0.345,0.328,0.326,0.328,0.319,0.306,0.306,0.306,0.308,0.307,0.361,0.36,0.356,0.334,0.341,0.336,0.344,0.344,0.349,0.357,0.359,0.358,0.344,0.344,0.347,0.345,0.344,0.342,0.345,0.35,0.349,0.333,0.331,0.333,0.341,0.354,0.351,0.362,0.358,0.363,0.362,0.362,0.365,0.358,0.363,0.351,0.315,0.315,0.314,0.316,0.321,0.318,0.319,0.318,0.321,0.369,0.364,0.361,0.335,0.334,0.334,0.358,0.36,0.365,0.368,0.361,0.356,0.343,0.341,0.343,0.344,0.346,0.346,0.355,0.358,0.362,0.34,0.335,0.334,0.34,0.339,0.341,0.284,0.287,0.299,0.294,0.28,0.276,0.275,0.276,0.27,0.301,0.301,0.305,0.307,0.315,0.306,0.301,0.3,0.299,0.284,0.281,0.275,0.267,0.274,0.275,0.297,0.297,0.298,0.292,0.295,0.296,0.288,0.29,0.309,0.306,0.29,0.295,0.291,0.295,0.298,0.294,0.296,0.299,0.302,0.291,0.292,0.16,0.163,0.162,0.16,0.159,0.154,0.153,0.151
11:00:06,0,0.22,0.202,0.197,0.195,0.192,0.193,0.183,0.186,0.193,0.194,0.193,0.189,0.32,0.318,0.321,0.329,0.329,0.335,0.326,0.329,0.323,0.319,0.32,0.322,0.313,0.312,0.315,0.314,0.316,0.32,0.324,0.321,0.324,0.304,0.309,0.308,0.321,0.324,0.327,0.329,0.329,0.325,0.314,0.312,0.314,0.319,0.327,0.323,0.325,0.326,0.314,0.298,0.298,0.3,0.311,0.314,0.314,0.356,0.365,0.365,0.361,0.355,0.355,0.348,0.347,0.354,0.334,0.331,0.335,0.324,0.312,0.313,0.312,0.314,0.314,0.371,0.37,0.366,0.344,0.342,0.34,0.352,0.353,0.358,0.365,0.369,0.368,0.351,0.353,0.355,0.352,0.351,0.35,0.352,0.357,0.356,0.339,0.337,0.34,0.344,0.357,0.356,0.371,0.367,0.372,0.371,0.371,0.373,0.364,0.369,0.357,0.318,0.318,0.316,0.319,0.324,0.322,0.322,0.321,0.32,0.376,0.372,0.37,0.341,0.339,0.339,0.367,0.367,0.372,0.377,0.369,0.366,0.35,0.348,0.351,0.354,0.356,0.355,0.364,0.364,0.368,0.345,0.34,0.34,0.346,0.345,0.348,0.284,0.287,0.3,0.294,0.28,0.276,0.275,0.276,0.271,0.302,0.302,0.307,0.31,0.315,0.306,0.301,0.302,0.3,0.285,0.282,0.276,0.268,0.275,0.274,0.296,0.296,0.298,0.292,0.295,0.296,0.288,0.29,0.309,0.308,0.29,0.295,0.292,0.295,0.299,0.294,0.296,0.299,0.303,0.291,0.293,0.166,0.168,0.168,0.166,0.166,0.16,0.159,0.157
11:30:06,0,0.221,0.203,0.199,0.196,0.194,0.195,0.185,0.188,0.195,0.198,0.198,0.192,0.327,0.325,0.328,0.336,0.335,0.341,0.332,0.332,0.327,0.325,0.326,0.33,0.32,0.319,0.322,0.318,0.321,0.324,0.329,0.327,0.331,0.31,0.314,0.314,0.328,0.33,0.334,0.337,0.333,0.332,0.319,0.318,0.319,0.324,0.332,0.329,0.331,0.332,0.319,0.304,0.304,0.306,0.316,0.319,0.319,0.365,0.374,0.373,0.369,0.366,0.366,0.358,0.358,0.364,0.343,0.34,0.344,0.333,0.321,0.322,0.322,0.324,0.322,0.38,0.38,0.376,0.35,0.348,0.345,0.362,0.363,0.368,0.374,0.378,0.375,0.36,0.363,0.365,0.36,0.36,0.359,0.361,0.366,0.366,0.347,0.346,0.349,0.353,0.366,0.365,0.381,0.377,0.382,0.381,0.381,0.383,0.372,0.378,0.367,0.325,0.325,0.323,0.325,0.331,0.328,0.328,0.327,0.325,0.387,0.382,0.381,0.35,0.348,0.348,0.377,0.376,0.382,0.388,0.38,0.376,0.359,0.357,0.36,0.364,0.365,0.365,0.373,0.373,0.378,0.354,0.35,0.35,0.355,0.355,0.358,0.288,0.292,0.304,0.299,0.285,0.28,0.279,0.28,0.274,0.307,0.306,0.31,0.314,0.321,0.311,0.306,0.306,0.304,0.288,0.286,0.279,0.272,0.279,0.278,0.3,0.3,0.301,0.296,0.299,0.299,0.292,0.293,0.313,0.313,0.295,0.299,0.296,0.299,0.303,0.299,0.3,0.304,0.307,0.295,0.297,0.169,0.171,0.171,0.169,0.169,0.163,0.162,0.16
12:00:06,0,0.219,0.198,0.193,0.19,0.188,0.19,0.18,0.182,0.19,0.192,0.191,0.186,0.325,0.323,0.326,0.335,0.333,0.338,0.329,0.33,0.324,0.322,0.324,0.328,0.319,0.318,0.322,0.317,0.319,0.323,0.328,0.326,0.33,0.309,0.313,0.313,0.325,0.328,0.331,0.337,0.331,0.33,0.317,0.315,0.318,0.323,0.331,0.328,0.329,0.33,0.317,0.303,0.302,0.304,0.314,0.317,0.317,0.367,0.375,0.375,0.371,0.369,0.369,0.359,0.36,0.366,0.344,0.342,0.345,0.332,0.32,0.321,0.321,0.323,0.322,0.381,0.38,0.376,0.352,0.35,0.346,0.363,0.363,0.368,0.374,0.378,0.377,0.362,0.365,0.367,0.362,0.361,0.36,0.364,0.368,0.367,0.348,0.347,0.349,0.354,0.368,0.367,0.385,0.381,0.386,0.385,0.386,0.387,0.375,0.379,0.369,0.321,0.321,0.32,0.322,0.326,0.323,0.324,0.322,0.322,0.388,0.385,0.385,0.351,0.35,0.35,0.378,0.378,0.383,0.389,0.381,0.379,0.361,0.359,0.362,0.367,0.368,0.368,0.375,0.376,0.378,0.355,0.351,0.351,0.357,0.357,0.359,0.285,0.288,0.301,0.296,0.283,0.278,0.276,0.278,0.271,0.304,0.303,0.307,0.312,0.315,0.309,0.304,0.303,0.302,0.287,0.284,0.278,0.27,0.277,0.278,0.298,0.298,0.3,0.294,0.297,0.298,0.29,0.291,0.313,0.311,0.292,0.297,0.294,0.297,0.301,0.297,0.298,0.302,0.302,0.293,0.294,0.164,0.166,0.166,0.164,0.163,0.157,0.157,0.155
12:30:06,0,0.215,0.194,0.189,0.186,0.184,0.185,0.176,0.178,0.187,0.19,0.189,0.184,0.325,0.323,0.326,0.332,0.333,0.338,0.328,0.329,0.323,0.325,0.326,0.329,0.32,0.319,0.321,0.316,0.318,0.321,0.329,0.325,0.328,0.309,0.312,0.313,0.324,0.327,0.33,0.336,0.332,0.328,0.317,0.315,0.317,0.323,0.329,0.328,0.329,0.33,0.317,0.302,0.302,0.304,0.314,0.316,0.316,0.371,0.378,0.379,0.376,0.373,0.371,0.363,0.364,0.37,0.345,0.343,0.346,0.332,0.321,0.323,0.322,0.323,0.322,0.383,0.382,0.38,0.354,0.353,0.349,0.367,0.366,0.371,0.377,0.38,0.379,0.364,0.366,0.368,0.363,0.362,0.36,0.366,0.371,0.37,0.349,0.348,0.35,0.356,0.37,0.37,0.388,0.385,0.391,0.391,0.392,0.394,0.379,0.383,0.372,0.323,0.324,0.323,0.322,0.326,0.324,0.324,0.323,0.322,0.393,0.391,0.388,0.356,0.355,0.354,0.383,0.384,0.389,0.394,0.387,0.384,0.366,0.364,0.367,0.372,0.373,0.373,0.381,0.381,0.382,0.358,0.356,0.355,0.361,0.361,0.363,0.284,0.287,0.299,0.296,0.282,0.278,0.276,0.277,0.271,0.303,0.303,0.307,0.315,0.314,0.308,0.302,0.302,0.301,0.286,0.284,0.277,0.269,0.277,0.276,0.297,0.297,0.299,0.293,0.296,0.296,0.289,0.291,0.311,0.311,0.292,0.296,0.293,0.296,0.3,0.296,0.297,0.301,0.296,0.292,0.292,0.163,0.166,0.165,0.163,0.163,0.157,0.156,0.155
13:00:06,0,0.216,0.199,0.196,0.191,0.188,0.189,0.18,0.182,0.19,0.195,0.191,0.186,0.333,0.332,0.335,0.34,0.342,0.347,0.338,0.338,0.328,0.329,0.332,0.334,0.328,0.327,0.33,0.325,0.327,0.33,0.337,0.333,0.337,0.317,0.32,0.32,0.333,0.337,0.34,0.348,0.341,0.336,0.324,0.324,0.325,0.331,0.339,0.336,0.339,0.34,0.323,0.308,0.308,0.31,0.32,0.323,0.324,0.382,0.392,0.394,0.387,0.384,0.384,0.374,0.375,0.382,0.356,0.354,0.359,0.342,0.329,0.333,0.33,0.33,0.33,0.396,0.396,0.392,0.367,0.364,0.36,0.377,0.377,0.382,0.388,0.393,0.391,0.375,0.378,0.38,0.374,0.372,0.37,0.375,0.381,0.38,0.362,0.36,0.363,0.369,0.382,0.381,0.4,0.395,0.401,0.402,0.403,0.405,0.39,0.396,0.383,0.332,0.333,0.332,0.333,0.337,0.334,0.333,0.331,0.331,0.407,0.401,0.398,0.365,0.364,0.363,0.393,0.393,0.399,0.406,0.397,0.393,0.376,0.374,0.377,0.382,0.383,0.383,0.391,0.394,0.395,0.37,0.366,0.365,0.372,0.371,0.374,0.288,0.291,0.305,0.301,0.285,0.28,0.279,0.28,0.274,0.308,0.308,0.311,0.321,0.318,0.313,0.307,0.307,0.306,0.288,0.287,0.28,0.272,0.281,0.28,0.3,0.3,0.302,0.296,0.299,0.299,0.291,0.294,0.317,0.318,0.296,0.3,0.297,0.301,0.304,0.301,0.303,0.306,0.305,0.296,0.297,0.167,0.169,0.169,0.167,0.167,0.16,0.16,0.158
13:30:06,0,0.218,0.2,0.196,0.191,0.188,0.189,0.18,0.182,0.19,0.196,0.191,0.185,0.328,0.327,0.33,0.334,0.333,0.339,0.331,0.331,0.324,0.325,0.327,0.329,0.32,0.319,0.321,0.315,0.317,0.32,0.33,0.328,0.331,0.313,0.315,0.316,0.326,0.329,0.332,0.34,0.335,0.33,0.319,0.317,0.32,0.324,0.33,0.329,0.33,0.332,0.319,0.304,0.304,0.306,0.315,0.317,0.318,0.38,0.388,0.388,0.385,0.381,0.381,0.372,0.372,0.378,0.352,0.35,0.354,0.334,0.321,0.329,0.323,0.326,0.325,0.396,0.394,0.391,0.361,0.36,0.358,0.375,0.374,0.38,0.386,0.39,0.387,0.369,0.372,0.373,0.373,0.371,0.371,0.376,0.381,0.379,0.359,0.358,0.36,0.367,0.383,0.381,0.398,0.394,0.399,0.4,0.4,0.402,0.388,0.392,0.383,0.329,0.33,0.33,0.33,0.335,0.332,0.331,0.324,0.326,0.403,0.398,0.398,0.366,0.364,0.364,0.389,0.392,0.396,0.401,0.395,0.393,0.376,0.374,0.377,0.383,0.384,0.384,0.39,0.392,0.393,0.369,0.366,0.365,0.372,0.372,0.373,0.285,0.287,0.299,0.296,0.283,0.278,0.278,0.278,0.272,0.302,0.301,0.305,0.312,0.311,0.306,0.301,0.301,0.3,0.287,0.285,0.278,0.27,0.278,0.277,0.296,0.296,0.298,0.293,0.295,0.295,0.288,0.29,0.307,0.308,0.292,0.296,0.293,0.297,0.3,0.295,0.297,0.3,0.294,0.293,0.295,0.166,0.168,0.167,0.165,0.165,0.159,0.158,0.157
14:00:06,0,0.228,0.209,0.204,0.199,0.196,0.198,0.19,0.192,0.201,0.205,0.2,0.196,0.344,0.342,0.344,0.349,0.349,0.355,0.349,0.35,0.341,0.34,0.343,0.345,0.336,0.335,0.337,0.331,0.333,0.337,0.346,0.343,0.347,0.328,0.331,0.331,0.341,0.344,0.347,0.356,0.352,0.347,0.336,0.334,0.336,0.34,0.348,0.347,0.348,0.351,0.335,0.319,0.319,0.321,0.331,0.333,0.334,0.403,0.412,0.408,0.404,0.402,0.401,0.392,0.393,0.399,0.37,0.369,0.374,0.349,0.336,0.346,0.34,0.342,0.342,0.421,0.419,0.416,0.383,0.383,0.378,0.395,0.395,0.4,0.407,0.411,0.408,0.39,0.394,0.395,0.392,0.39,0.389,0.395,0.401,0.399,0.379,0.378,0.38,0.39,0.403,0.4,0.419,0.415,0.42,0.422,0.423,0.424,0.409,0.415,0.402,0.345,0.347,0.348,0.349,0.354,0.351,0.351,0.347,0.347,0.423,0.42,0.418,0.385,0.384,0.383,0.409,0.412,0.416,0.423,0.414,0.413,0.395,0.393,0.395,0.402,0.403,0.403,0.41,0.413,0.415,0.39,0.386,0.385,0.391,0.391,0.394,0.297,0.3,0.313,0.311,0.297,0.292,0.291,0.291,0.285,0.319,0.319,0.323,0.331,0.328,0.323,0.317,0.317,0.317,0.301,0.299,0.291,0.283,0.292,0.29,0.31,0.31,0.312,0.306,0.309,0.309,0.301,0.303,0.323,0.327,0.306,0.311,0.308,0.312,0.315,0.311,0.313,0.316,0.313,0.307,0.308,0.175,0.177,0.176,0.174,0.174,0.168,0.167,0.166
14:30:06,0,0.222,0.202,0.198,0.194,0.191,0.192,0.183,0.185,0.196,0.2,0.196,0.19,0.338,0.337,0.339,0.344,0.345,0.351,0.345,0.347,0.337,0.335,0.337,0.34,0.331,0.329,0.332,0.326,0.328,0.332,0.34,0.339,0.342,0.323,0.326,0.326,0.335,0.338,0.342,0.35,0.346,0.342,0.331,0.329,0.331,0.335,0.341,0.34,0.341,0.344,0.33,0.315,0.316,0.318,0.327,0.329,0.33,0.402,0.413,0.406,0.404,0.401,0.401,0.392,0.392,0.399,0.367,0.365,0.369,0.346,0.333,0.343,0.335,0.338,0.337,0.42,0.417,0.414,0.381,0.383,0.377,0.394,0.394,0.4,0.407,0.412,0.409,0.389,0.392,0.393,0.389,0.388,0.387,0.393,0.399,0.396,0.377,0.377,0.379,0.389,0.405,0.401,0.418,0.414,0.42,0.42,0.422,0.422,0.409,0.413,0.4,0.339,0.341,0.344,0.344,0.35,0.348,0.348,0.347,0.342,0.423,0.419,0.421,0.384,0.382,0.382,0.409,0.411,0.415,0.423,0.415,0.413,0.393,0.391,0.395,0.402,0.402,0.402,0.409,0.412,0.411,0.388,0.384,0.383,0.39,0.389,0.392,0.292,0.294,0.307,0.305,0.29,0.286,0.285,0.285,0.279,0.311,0.311,0.315,0.32,0.319,0.315,0.31,0.309,0.308,0.294,0.292,0.284,0.276,0.286,0.285,0.305,0.305,0.306,0.3,0.304,0.303,0.296,0.298,0.318,0.317,0.3,0.304,0.301,0.305,0.308,0.304,0.307,0.309,0.306,0.298,0.302,0.169,0.172,0.171,0.169,0.169,0.163,0.162,0.16
15:00:06,0,0.221,0.201,0.195,0.191,0.187,0.189,0.179,0.182,0.191,0.194,0.19,0.184,0.337,0.335,0.337,0.342,0.342,0.348,0.342,0.348,0.337,0.335,0.338,0.341,0.332,0.327,0.331,0.324,0.326,0.329,0.339,0.339,0.342,0.323,0.326,0.326,0.334,0.337,0.341,0.348,0.344,0.341,0.33,0.328,0.33,0.334,0.34,0.338,0.339,0.343,0.33,0.314,0.315,0.316,0.326,0.328,0.33,0.413,0.421,0.409,0.406,0.407,0.407,0.395,0.397,0.404,0.368,0.363,0.368,0.345,0.333,0.345,0.336,0.34,0.338,0.433,0.425,0.424,0.383,0.385,0.382,0.398,0.398,0.404,0.415,0.419,0.416,0.392,0.395,0.396,0.392,0.392,0.391,0.397,0.401,0.399,0.38,0.379,0.381,0.393,0.407,0.403,0.422,0.419,0.424,0.425,0.426,0.426,0.41,0.415,0.405,0.339,0.341,0.345,0.343,0.351,0.348,0.349,0.348,0.34,0.424,0.425,0.428,0.388,0.386,0.386,0.415,0.417,0.421,0.426,0.42,0.418,0.397,0.394,0.397,0.405,0.405,0.405,0.412,0.413,0.415,0.394,0.39,0.389,0.395,0.394,0.398,0.29,0.293,0.305,0.303,0.289,0.284,0.282,0.283,0.277,0.31,0.309,0.313,0.316,0.315,0.313,0.307,0.307,0.306,0.293,0.291,0.283,0.273,0.283,0.283,0.302,0.302,0.304,0.298,0.301,0.301,0.294,0.296,0.305,0.316,0.299,0.302,0.299,0.303,0.306,0.302,0.304,0.307,0.283,0.291,0.3,0.168,0.17,0.17,0.168,0.167,0.161,0.161,0.159
15:30:06,0,0.218,0.202,0.198,0.194,0.19,0.192,0.184,0.186,0.194,0.199,0.196,0.191,0.343,0.342,0.344,0.348,0.35,0.356,0.35,0.358,0.345,0.341,0.345,0.348,0.338,0.335,0.339,0.333,0.335,0.339,0.347,0.347,0.35,0.33,0.334,0.334,0.343,0.347,0.351,0.356,0.35,0.347,0.336,0.334,0.337,0.341,0.348,0.346,0.348,0.352,0.336,0.32,0.321,0.323,0.333,0.335,0.336,0.433,0.439,0.423,0.416,0.42,0.422,0.409,0.412,0.42,0.381,0.378,0.384,0.357,0.339,0.352,0.343,0.347,0.347,0.449,0.444,0.445,0.396,0.401,0.393,0.41,0.411,0.416,0.427,0.436,0.43,0.405,0.409,0.41,0.402,0.401,0.399,0.406,0.412,0.411,0.391,0.39,0.395,0.405,0.418,0.414,0.435,0.431,0.437,0.438,0.441,0.44,0.423,0.43,0.414,0.344,0.347,0.35,0.348,0.357,0.353,0.354,0.356,0.344,0.437,0.438,0.441,0.399,0.397,0.396,0.428,0.43,0.435,0.443,0.434,0.431,0.408,0.405,0.409,0.417,0.418,0.419,0.426,0.427,0.429,0.407,0.402,0.402,0.408,0.407,0.412,0.295,0.3,0.315,0.308,0.292,0.288,0.285,0.286,0.28,0.315,0.314,0.319,0.324,0.325,0.318,0.313,0.313,0.313,0.297,0.295,0.286,0.278,0.289,0.287,0.307,0.307,0.308,0.302,0.306,0.306,0.298,0.301,0.307,0.322,0.303,0.306,0.304,0.308,0.311,0.308,0.31,0.313,0.292,0.299,0.304,0.172,0.174,0.174,0.172,0.171,0.166,0.165,0.163
16:00:06,0,0.224,0.207,0.201,0.197,0.194,0.195,0.186,0.189,0.197,0.201,0.197,0.192,0.347,0.344,0.348,0.353,0.353,0.358,0.35,0.361,0.348,0.344,0.347,0.351,0.34,0.338,0.342,0.336,0.337,0.342,0.348,0.35,0.352,0.332,0.335,0.335,0.344,0.348,0.353,0.361,0.353,0.35,0.34,0.338,0.34,0.344,0.351,0.35,0.352,0.356,0.339,0.324,0.325,0.326,0.337,0.339,0.34,0.444,0.458,0.429,0.421,0.432,0.437,0.422,0.424,0.434,0.385,0.383,0.389,0.358,0.341,0.355,0.345,0.349,0.349,0.461,0.454,0.455,0.4,0.406,0.4,0.418,0.418,0.422,0.439,0.45,0.444,0.414,0.419,0.416,0.406,0.407,0.404,0.412,0.416,0.415,0.396,0.396,0.4,0.41,0.423,0.419,0.443,0.437,0.444,0.442,0.444,0.445,0.426,0.431,0.423,0.348,0.35,0.356,0.354,0.362,0.358,0.359,0.359,0.348,0.447,0.456,0.456,0.406,0.404,0.402,0.44,0.443,0.449,0.453,0.443,0.442,0.416,0.413,0.417,0.425,0.426,0.428,0.438,0.434,0.435,0.414,0.409,0.409,0.415,0.415,0.42,0.298,0.303,0.318,0.309,0.294,0.288,0.287,0.287,0.281,0.318,0.316,0.32,0.329,0.327,0.32,0.315,0.315,0.315,0.299,0.298,0.289,0.279,0.291,0.288,0.308,0.308,0.31,0.304,0.307,0.307,0.299,0.302,0.304,0.323,0.305,0.308,0.306,0.31,0.313,0.31,0.312,0.315,0.297,0.299,0.306,0.172,0.174,0.174,0.172,0.172,0.166,0.165,0.163
16:30:06,0,0.213,0.195,0.191,0.187,0.184,0.185,0.177,0.18,0.188,0.192,0.188,0.183,0.337,0.336,0.337,0.34,0.342,0.347,0.338,0.345,0.335,0.331,0.336,0.339,0.328,0.326,0.329,0.322,0.324,0.328,0.337,0.337,0.341,0.319,0.322,0.323,0.332,0.334,0.338,0.342,0.341,0.338,0.327,0.326,0.328,0.33,0.337,0.336,0.336,0.34,0.327,0.312,0.312,0.315,0.323,0.326,0.327,0.442,0.453,0.421,0.416,0.428,0.433,0.418,0.419,0.429,0.374,0.371,0.376,0.347,0.333,0.348,0.337,0.341,0.341,0.459,0.454,0.452,0.393,0.393,0.39,0.416,0.418,0.419,0.437,0.45,0.441,0.407,0.412,0.409,0.401,0.404,0.402,0.408,0.414,0.413,0.39,0.388,0.391,0.398,0.414,0.413,0.438,0.434,0.44,0.438,0.441,0.441,0.421,0.424,0.416,0.339,0.342,0.348,0.345,0.352,0.349,0.35,0.352,0.336,0.438,0.447,0.451,0.397,0.395,0.395,0.432,0.436,0.443,0.45,0.437,0.44,0.409,0.407,0.41,0.419,0.421,0.419,0.43,0.423,0.427,0.405,0.402,0.403,0.408,0.408,0.412,0.287,0.291,0.305,0.298,0.283,0.279,0.277,0.277,0.271,0.303,0.303,0.308,0.314,0.313,0.307,0.302,0.302,0.301,0.288,0.286,0.279,0.268,0.28,0.279,0.298,0.298,0.299,0.294,0.296,0.296,0.289,0.291,0.285,0.308,0.293,0.297,0.294,0.298,0.301,0.297,0.3,0.301,0.281,0.287,0.295,0.164,0.166,0.166,0.164,0.163,0.157,0.157,0.155
17:00:06,0,0.217,0.199,0.195,0.189,0.186,0.187,0.178,0.179,0.189,0.19,0.188,0.183,0.337,0.336,0.337,0.342,0.343,0.349,0.34,0.347,0.334,0.332,0.337,0.339,0.327,0.326,0.33,0.323,0.325,0.329,0.337,0.338,0.342,0.32,0.324,0.323,0.332,0.335,0.338,0.346,0.341,0.339,0.328,0.326,0.329,0.33,0.337,0.335,0.336,0.34,0.327,0.313,0.313,0.315,0.323,0.325,0.327,0.45,0.463,0.43,0.422,0.44,0.445,0.427,0.428,0.441,0.376,0.374,0.378,0.349,0.333,0.35,0.34,0.345,0.345,0.47,0.465,0.465,0.398,0.397,0.394,0.425,0.427,0.429,0.447,0.46,0.451,0.414,0.422,0.416,0.407,0.411,0.41,0.418,0.422,0.423,0.394,0.393,0.394,0.405,0.421,0.418,0.446,0.441,0.446,0.445,0.447,0.446,0.425,0.425,0.423,0.341,0.343,0.348,0.347,0.353,0.35,0.352,0.352,0.336,0.444,0.457,0.462,0.401,0.4,0.4,0.443,0.445,0.451,0.455,0.443,0.446,0.414,0.413,0.416,0.425,0.426,0.426,0.441,0.43,0.433,0.41,0.406,0.407,0.413,0.413,0.416,0.287,0.29,0.304,0.299,0.284,0.28,0.278,0.279,0.272,0.305,0.304,0.309,0.314,0.312,0.306,0.302,0.302,0.301,0.289,0.286,0.28,0.269,0.28,0.28,0.298,0.299,0.3,0.294,0.297,0.297,0.29,0.292,0.284,0.307,0.294,0.298,0.295,0.299,0.302,0.298,0.3,0.297,0.28,0.287,0.296,0.163,0.166,0.165,0.163,0.163,0.157,0.156,0.155
17:30:06,0,0.217,0.2,0.196,0.19,0.187,0.188,0.181,0.183,0.19,0.194,0.19,0.185,0.342,0.341,0.343,0.343,0.346,0.353,0.345,0.354,0.341,0.341,0.345,0.348,0.336,0.332,0.335,0.329,0.331,0.336,0.343,0.345,0.349,0.327,0.331,0.331,0.34,0.344,0.348,0.354,0.347,0.345,0.334,0.333,0.335,0.337,0.345,0.343,0.346,0.35,0.332,0.318,0.319,0.321,0.329,0.331,0.333,0.466,0.476,0.442,0.435,0.453,0.458,0.438,0.441,0.457,0.388,0.385,0.389,0.361,0.344,0.362,0.351,0.353,0.351,0.479,0.479,0.477,0.408,0.408,0.406,0.433,0.435,0.436,0.459,0.472,0.46,0.425,0.433,0.425,0.419,0.417,0.416,0.423,0.429,0.429,0.407,0.405,0.407,0.415,0.433,0.428,0.457,0.453,0.459,0.456,0.457,0.457,0.438,0.44,0.433,0.352,0.354,0.359,0.356,0.363,0.36,0.36,0.362,0.342,0.46,0.472,0.48,0.414,0.412,0.411,0.454,0.457,0.464,0.469,0.456,0.463,0.425,0.424,0.427,0.437,0.438,0.44,0.451,0.444,0.444,0.421,0.417,0.421,0.422,0.421,0.426,0.29,0.294,0.308,0.301,0.286,0.281,0.279,0.28,0.273,0.308,0.307,0.312,0.316,0.315,0.313,0.307,0.307,0.307,0.292,0.29,0.284,0.272,0.284,0.282,0.301,0.301,0.302,0.296,0.298,0.299,0.292,0.294,0.283,0.312,0.297,0.3,0.299,0.302,0.306,0.302,0.305,0.302,0.285,0.293,0.3,0.167,0.169,0.169,0.167,0.166,0.16,0.16,0.158
18:00:06,0,0.217,0.2,0.196,0.19,0.186,0.187,0.179,0.181,0.189,0.192,0.19,0.185,0.343,0.342,0.344,0.346,0.348,0.354,0.345,0.354,0.34,0.34,0.344,0.346,0.334,0.333,0.336,0.33,0.332,0.338,0.344,0.344,0.349,0.328,0.332,0.332,0.341,0.343,0.347,0.355,0.349,0.346,0.335,0.334,0.335,0.338,0.346,0.343,0.345,0.349,0.333,0.32,0.32,0.322,0.331,0.333,0.335,0.475,0.488,0.45,0.443,0.466,0.467,0.456,0.456,0.47,0.39,0.387,0.392,0.359,0.341,0.362,0.352,0.355,0.355,0.492,0.488,0.49,0.418,0.411,0.409,0.446,0.449,0.451,0.473,0.484,0.476,0.439,0.449,0.435,0.427,0.428,0.427,0.432,0.438,0.438,0.414,0.412,0.413,0.415,0.433,0.432,0.463,0.459,0.465,0.463,0.465,0.465,0.444,0.449,0.442,0.354,0.355,0.36,0.358,0.364,0.362,0.362,0.359,0.344,0.465,0.492,0.496,0.423,0.421,0.42,0.469,0.471,0.478,0.474,0.464,0.478,0.435,0.434,0.437,0.448,0.449,0.454,0.467,0.456,0.452,0.43,0.425,0.427,0.431,0.432,0.438,0.291,0.295,0.31,0.302,0.287,0.282,0.28,0.28,0.274,0.308,0.308,0.313,0.317,0.317,0.313,0.308,0.309,0.308,0.293,0.291,0.286,0.273,0.286,0.283,0.301,0.302,0.303,0.297,0.3,0.3,0.293,0.295,0.285,0.314,0.298,0.302,0.3,0.304,0.307,0.304,0.306,0.3,0.287,0.295,0.301,0.166,0.168,0.168,0.166,0.165,0.16,0.159,0.157
18:30:06,0,0.219,0.203,0.199,0.192,0.188,0.189,0.181,0.183,0.191,0.192,0.188,0.184,0.339,0.338,0.339,0.34,0.342,0.348,0.339,0.347,0.333,0.338,0.341,0.344,0.332,0.329,0.332,0.326,0.327,0.331,0.339,0.342,0.347,0.324,0.327,0.327,0.337,0.336,0.342,0.347,0.342,0.342,0.331,0.329,0.333,0.333,0.34,0.338,0.339,0.341,0.328,0.316,0.317,0.318,0.326,0.328,0.329,0.474,0.486,0.454,0.448,0.469,0.47,0.459,0.459,0.47,0.391,0.392,0.393,0.35,0.337,0.362,0.351,0.354,0.353,0.492,0.489,0.489,0.422,0.414,0.411,0.449,0.452,0.455,0.479,0.486,0.478,0.443,0.45,0.441,0.435,0.433,0.434,0.441,0.448,0.447,0.422,0.418,0.416,0.416,0.436,0.438,0.467,0.465,0.47,0.468,0.471,0.473,0.447,0.445,0.445,0.352,0.355,0.359,0.356,0.362,0.36,0.359,0.356,0.342,0.47,0.497,0.501,0.429,0.428,0.427,0.472,0.471,0.477,0.477,0.471,0.487,0.443,0.441,0.447,0.456,0.457,0.458,0.469,0.455,0.455,0.437,0.432,0.436,0.441,0.441,0.445,0.287,0.29,0.304,0.299,0.285,0.28,0.277,0.278,0.272,0.304,0.303,0.309,0.314,0.311,0.306,0.302,0.302,0.301,0.29,0.287,0.283,0.27,0.281,0.28,0.299,0.299,0.3,0.295,0.296,0.297,0.291,0.292,0.283,0.306,0.294,0.298,0.296,0.3,0.302,0.299,0.301,0.293,0.283,0.291,0.298,0.165,0.168,0.167,0.165,0.165,0.159,0.158,0.157
19:00:06,0,0.216,0.199,0.195,0.189,0.186,0.188,0.18,0.182,0.189,0.195,0.191,0.186,0.344,0.345,0.344,0.344,0.346,0.349,0.341,0.348,0.337,0.344,0.347,0.35,0.337,0.332,0.336,0.327,0.329,0.334,0.342,0.346,0.352,0.327,0.33,0.33,0.339,0.339,0.342,0.354,0.346,0.346,0.334,0.332,0.334,0.336,0.343,0.34,0.341,0.343,0.331,0.319,0.32,0.323,0.33,0.332,0.333,0.488,0.501,0.468,0.457,0.483,0.484,0.473,0.472,0.485,0.398,0.396,0.398,0.355,0.342,0.371,0.357,0.362,0.36,0.508,0.502,0.501,0.434,0.419,0.418,0.462,0.465,0.467,0.492,0.499,0.494,0.455,0.462,0.451,0.438,0.443,0.442,0.452,0.458,0.459,0.437,0.436,0.43,0.426,0.44,0.445,0.476,0.472,0.479,0.476,0.479,0.48,0.455,0.448,0.457,0.358,0.362,0.367,0.364,0.37,0.368,0.366,0.36,0.345,0.476,0.51,0.515,0.443,0.441,0.439,0.484,0.485,0.49,0.495,0.486,0.497,0.457,0.454,0.459,0.467,0.467,0.469,0.482,0.457,0.461,0.455,0.452,0.458,0.456,0.456,0.461,0.292,0.295,0.309,0.301,0.287,0.283,0.279,0.281,0.274,0.306,0.306,0.311,0.317,0.315,0.309,0.305,0.305,0.304,0.293,0.292,0.287,0.273,0.284,0.283,0.3,0.301,0.302,0.297,0.299,0.299,0.293,0.294,0.283,0.309,0.296,0.3,0.298,0.302,0.305,0.301,0.303,0.29,0.287,0.293,0.299,0.169,0.171,0.171,0.169,0.168,0.163,0.162,0.16
19:30:06,0,0.213,0.197,0.194,0.184,0.183,0.184,0.175,0.178,0.186,0.191,0.185,0.18,0.341,0.341,0.343,0.34,0.344,0.349,0.341,0.348,0.334,0.338,0.341,0.343,0.331,0.329,0.332,0.325,0.327,0.331,0.339,0.342,0.348,0.325,0.328,0.328,0.339,0.34,0.344,0.351,0.344,0.34,0.33,0.329,0.331,0.333,0.341,0.338,0.34,0.343,0.327,0.316,0.318,0.319,0.327,0.329,0.33,0.492,0.505,0.474,0.456,0.486,0.492,0.479,0.48,0.491,0.394,0.397,0.402,0.358,0.34,0.363,0.353,0.359,0.357,0.51,0.506,0.506,0.441,0.423,0.421,0.463,0.47,0.471,0.496,0.503,0.499,0.462,0.469,0.458,0.438,0.444,0.447,0.452,0.46,0.46,0.443,0.443,0.437,0.428,0.442,0.447,0.478,0.474,0.48,0.476,0.48,0.48,0.46,0.457,0.459,0.354,0.357,0.362,0.36,0.367,0.367,0.365,0.359,0.343,0.481,0.509,0.519,0.441,0.444,0.441,0.489,0.491,0.496,0.501,0.478,0.498,0.451,0.453,0.457,0.468,0.471,0.476,0.488,0.466,0.465,0.449,0.443,0.444,0.45,0.451,0.464,0.287,0.29,0.304,0.297,0.282,0.278,0.274,0.275,0.268,0.302,0.302,0.308,0.315,0.312,0.306,0.301,0.301,0.301,0.289,0.288,0.282,0.268,0.281,0.278,0.296,0.296,0.297,0.292,0.294,0.295,0.288,0.292,0.27,0.305,0.292,0.295,0.293,0.297,0.301,0.297,0.3,0.288,0.284,0.29,0.294,0.162,0.165,0.165,0.163,0.162,0.156,0.156,0.154
20:00:06,0,0.224,0.208,0.204,0.197,0.195,0.195,0.187,0.19,0.197,0.2,0.194,0.188,0.353,0.352,0.354,0.349,0.352,0.358,0.348,0.357,0.343,0.35,0.352,0.356,0.342,0.34,0.343,0.334,0.335,0.342,0.347,0.351,0.358,0.332,0.335,0.336,0.346,0.346,0.35,0.359,0.353,0.35,0.34,0.338,0.34,0.343,0.351,0.349,0.35,0.352,0.335,0.326,0.327,0.329,0.336,0.338,0.339,0.519,0.532,0.494,0.473,0.505,0.509,0.496,0.498,0.508,0.409,0.41,0.414,0.37,0.351,0.377,0.366,0.37,0.367,0.534,0.529,0.529,0.455,0.442,0.439,0.483,0.488,0.488,0.517,0.525,0.517,0.48,0.488,0.479,0.454,0.461,0.461,0.466,0.473,0.474,0.46,0.464,0.461,0.441,0.457,0.462,0.495,0.491,0.497,0.494,0.497,0.499,0.482,0.472,0.475,0.365,0.367,0.37,0.367,0.371,0.373,0.372,0.368,0.353,0.496,0.532,0.539,0.463,0.464,0.463,0.504,0.507,0.51,0.514,0.495,0.521,0.48,0.474,0.481,0.49,0.491,0.493,0.5,0.479,0.483,0.478,0.474,0.48,0.477,0.474,0.48,0.295,0.299,0.313,0.305,0.292,0.287,0.283,0.284,0.277,0.311,0.31,0.316,0.323,0.32,0.314,0.308,0.308,0.307,0.297,0.295,0.291,0.276,0.288,0.287,0.304,0.304,0.305,0.301,0.303,0.304,0.297,0.299,0.278,0.314,0.301,0.304,0.303,0.307,0.31,0.307,0.309,0.297,0.293,0.3,0.303,0.171,0.173,0.173,0.171,0.171,0.164,0.164,0.162
20:30:06,0,0.214,0.196,0.192,0.186,0.184,0.185,0.177,0.18,0.187,0.193,0.188,0.182,0.349,0.349,0.349,0.346,0.347,0.352,0.344,0.354,0.343,0.349,0.353,0.356,0.341,0.336,0.339,0.329,0.332,0.336,0.344,0.351,0.358,0.328,0.33,0.331,0.34,0.341,0.345,0.355,0.349,0.346,0.335,0.332,0.334,0.337,0.345,0.342,0.344,0.347,0.332,0.321,0.323,0.325,0.33,0.332,0.334,0.518,0.532,0.482,0.473,0.509,0.516,0.502,0.504,0.516,0.408,0.407,0.412,0.372,0.353,0.378,0.367,0.37,0.368,0.535,0.53,0.531,0.46,0.438,0.438,0.48,0.489,0.486,0.516,0.527,0.52,0.481,0.487,0.479,0.454,0.462,0.463,0.473,0.484,0.485,0.465,0.466,0.461,0.451,0.462,0.468,0.503,0.5,0.505,0.497,0.503,0.504,0.476,0.48,0.48,0.366,0.369,0.375,0.372,0.375,0.377,0.374,0.372,0.349,0.497,0.536,0.542,0.462,0.463,0.46,0.509,0.513,0.519,0.519,0.497,0.522,0.477,0.474,0.483,0.49,0.491,0.496,0.508,0.479,0.484,0.481,0.475,0.482,0.477,0.475,0.484,0.291,0.294,0.308,0.302,0.288,0.283,0.279,0.28,0.273,0.306,0.306,0.312,0.32,0.317,0.312,0.306,0.306,0.305,0.295,0.293,0.289,0.272,0.286,0.284,0.3,0.3,0.302,0.297,0.299,0.3,0.293,0.296,0.275,0.307,0.298,0.301,0.299,0.304,0.307,0.303,0.305,0.3,0.286,0.295,0.298,0.165,0.168,0.168,0.165,0.165,0.159,0.158,0.157
21:00:06,0,0.214,0.197,0.192,0.185,0.183,0.184,0.175,0.179,0.186,0.191,0.186,0.18,0.349,0.347,0.35,0.347,0.35,0.353,0.343,0.352,0.34,0.346,0.349,0.351,0.339,0.335,0.338,0.329,0.331,0.336,0.344,0.349,0.358,0.328,0.331,0.332,0.342,0.342,0.346,0.357,0.349,0.345,0.334,0.333,0.334,0.337,0.346,0.343,0.345,0.347,0.332,0.322,0.323,0.324,0.331,0.333,0.334,0.523,0.537,0.495,0.478,0.515,0.524,0.51,0.51,0.52,0.413,0.414,0.419,0.372,0.351,0.374,0.368,0.372,0.371,0.538,0.533,0.537,0.467,0.449,0.445,0.491,0.499,0.498,0.525,0.534,0.527,0.489,0.498,0.49,0.463,0.466,0.469,0.475,0.484,0.484,0.471,0.471,0.462,0.454,0.466,0.47,0.505,0.5,0.506,0.499,0.503,0.507,0.484,0.482,0.491,0.366,0.369,0.373,0.371,0.37,0.373,0.37,0.363,0.349,0.502,0.54,0.551,0.472,0.473,0.47,0.518,0.52,0.523,0.525,0.504,0.527,0.485,0.484,0.491,0.499,0.502,0.505,0.514,0.49,0.49,0.487,0.482,0.488,0.486,0.486,0.491,0.29,0.293,0.307,0.301,0.288,0.282,0.277,0.278,0.272,0.306,0.306,0.312,0.318,0.316,0.309,0.305,0.305,0.305,0.295,0.294,0.289,0.272,0.286,0.282,0.299,0.299,0.3,0.296,0.298,0.298,0.292,0.297,0.274,0.306,0.296,0.299,0.298,0.302,0.305,0.302,0.304,0.292,0.286,0.295,0.297,0.164,0.166,0.166,0.165,0.164,0.158,0.157,0.155
21:30:06,0,0.218,0.202,0.199,0.191,0.189,0.19,0.182,0.184,0.191,0.196,0.191,0.185,0.351,0.35,0.35,0.348,0.35,0.352,0.343,0.352,0.343,0.349,0.353,0.356,0.342,0.338,0.34,0.33,0.332,0.337,0.343,0.351,0.362,0.329,0.331,0.333,0.342,0.341,0.344,0.355,0.351,0.348,0.337,0.334,0.336,0.339,0.346,0.344,0.344,0.348,0.333,0.324,0.325,0.327,0.331,0.334,0.334,0.528,0.543,0.496,0.484,0.53,0.534,0.521,0.521,0.529,0.415,0.414,0.42,0.371,0.355,0.381,0.373,0.377,0.376,0.548,0.54,0.545,0.475,0.448,0.449,0.502,0.509,0.508,0.537,0.542,0.538,0.499,0.507,0.496,0.469,0.475,0.476,0.484,0.495,0.495,0.484,0.486,0.479,0.455,0.475,0.477,0.51,0.506,0.51,0.507,0.508,0.509,0.486,0.483,0.496,0.368,0.372,0.378,0.374,0.378,0.38,0.377,0.366,0.351,0.51,0.547,0.56,0.476,0.48,0.477,0.525,0.53,0.532,0.533,0.511,0.538,0.491,0.496,0.5,0.508,0.509,0.513,0.526,0.489,0.499,0.494,0.49,0.498,0.492,0.494,0.5,0.292,0.295,0.308,0.303,0.29,0.285,0.28,0.281,0.275,0.306,0.306,0.311,0.315,0.314,0.308,0.304,0.304,0.303,0.295,0.294,0.29,0.273,0.285,0.284,0.301,0.301,0.302,0.298,0.299,0.3,0.294,0.297,0.277,0.308,0.298,0.301,0.3,0.304,0.306,0.303,0.304,0.292,0.288,0.284,0.3,0.168,0.17,0.17,0.168,0.168,0.161,0.161,0.159
22:00:05,0,0.223,0.205,0.202,0.192,0.189,0.191,0.182,0.184,0.193,0.197,0.194,0.187,0.355,0.354,0.356,0.353,0.357,0.358,0.35,0.36,0.348,0.352,0.356,0.359,0.346,0.341,0.344,0.334,0.336,0.34,0.35,0.355,0.366,0.332,0.335,0.336,0.346,0.346,0.351,0.363,0.358,0.352,0.341,0.34,0.34,0.343,0.35,0.347,0.349,0.352,0.338,0.329,0.33,0.332,0.336,0.339,0.34,0.54,0.555,0.507,0.495,0.541,0.544,0.533,0.534,0.543,0.422,0.42,0.424,0.379,0.361,0.389,0.381,0.387,0.384,0.56,0.556,0.558,0.489,0.464,0.461,0.518,0.524,0.523,0.55,0.553,0.549,0.512,0.521,0.506,0.48,0.484,0.484,0.493,0.504,0.505,0.494,0.494,0.488,0.463,0.484,0.487,0.52,0.516,0.521,0.517,0.52,0.517,0.499,0.492,0.509,0.377,0.381,0.387,0.381,0.385,0.388,0.383,0.37,0.356,0.518,0.564,0.575,0.493,0.496,0.491,0.54,0.543,0.546,0.541,0.526,0.556,0.505,0.51,0.514,0.522,0.524,0.528,0.541,0.499,0.506,0.51,0.503,0.515,0.508,0.509,0.514,0.297,0.299,0.311,0.307,0.295,0.291,0.285,0.286,0.28,0.312,0.311,0.316,0.321,0.321,0.314,0.31,0.311,0.31,0.302,0.301,0.297,0.279,0.291,0.29,0.307,0.307,0.308,0.304,0.306,0.306,0.3,0.304,0.285,0.312,0.304,0.307,0.304,0.308,0.311,0.307,0.308,0.298,0.293,0.288,0.304,0.167,0.169,0.169,0.167,0.167,0.161,0.16,0.159
22:30:06,0,0.215,0.201,0.195,0.19,0.187,0.189,0.179,0.183,0.191,0.196,0.191,0.185,0.355,0.353,0.355,0.349,0.352,0.355,0.346,0.356,0.345,0.354,0.358,0.36,0.346,0.341,0.343,0.332,0.333,0.337,0.346,0.357,0.369,0.331,0.334,0.336,0.344,0.345,0.346,0.359,0.354,0.351,0.339,0.338,0.339,0.341,0.348,0.346,0.347,0.35,0.336,0.327,0.328,0.33,0.333,0.336,0.336,0.545,0.56,0.515,0.5,0.547,0.551,0.54,0.54,0.549,0.424,0.422,0.425,0.379,0.364,0.391,0.384,0.389,0.385,0.563,0.56,0.563,0.495,0.477,0.467,0.52,0.529,0.525,0.553,0.558,0.552,0.517,0.524,0.513,0.485,0.487,0.486,0.498,0.507,0.508,0.5,0.497,0.494,0.461,0.488,0.494,0.527,0.522,0.525,0.518,0.521,0.524,0.507,0.493,0.517,0.379,0.382,0.387,0.381,0.384,0.387,0.384,0.372,0.356,0.525,0.572,0.578,0.498,0.504,0.498,0.544,0.549,0.553,0.542,0.53,0.563,0.512,0.514,0.519,0.525,0.529,0.532,0.544,0.502,0.518,0.521,0.517,0.516,0.515,0.514,0.521,0.296,0.299,0.31,0.306,0.294,0.291,0.283,0.284,0.278,0.309,0.309,0.314,0.319,0.317,0.311,0.307,0.307,0.306,0.3,0.299,0.295,0.281,0.29,0.287,0.303,0.303,0.304,0.301,0.303,0.303,0.297,0.3,0.282,0.308,0.301,0.303,0.302,0.306,0.308,0.305,0.306,0.296,0.286,0.281,0.3,0.166,0.168,0.168,0.165,0.165,0.159,0.159,0.157
23:00:06,0,0.216,0.199,0.193,0.186,0.183,0.184,0.175,0.177,0.186,0.195,0.188,0.182,0.355,0.353,0.355,0.347,0.351,0.354,0.346,0.354,0.343,0.351,0.355,0.357,0.343,0.339,0.341,0.33,0.332,0.335,0.344,0.354,0.366,0.327,0.331,0.332,0.342,0.344,0.346,0.356,0.352,0.348,0.335,0.334,0.336,0.338,0.345,0.344,0.345,0.346,0.333,0.325,0.325,0.328,0.33,0.333,0.333,0.546,0.559,0.515,0.503,0.548,0.554,0.543,0.542,0.55,0.422,0.418,0.424,0.378,0.362,0.388,0.383,0.389,0.384,0.565,0.56,0.565,0.497,0.475,0.47,0.521,0.53,0.53,0.556,0.56,0.555,0.519,0.525,0.518,0.486,0.489,0.49,0.499,0.509,0.508,0.501,0.5,0.497,0.465,0.486,0.493,0.526,0.52,0.528,0.52,0.524,0.525,0.511,0.496,0.514,0.375,0.378,0.381,0.376,0.38,0.38,0.378,0.366,0.353,0.518,0.566,0.581,0.506,0.508,0.503,0.546,0.549,0.552,0.547,0.53,0.566,0.519,0.522,0.525,0.532,0.533,0.535,0.547,0.506,0.515,0.527,0.523,0.53,0.523,0.519,0.525,0.294,0.297,0.308,0.303,0.291,0.289,0.281,0.282,0.277,0.306,0.306,0.311,0.318,0.314,0.308,0.303,0.303,0.303,0.298,0.296,0.293,0.279,0.288,0.285,0.301,0.301,0.301,0.299,0.301,0.301,0.294,0.297,0.281,0.304,0.299,0.3,0.298,0.302,0.305,0.302,0.303,0.293,0.283,0.277,0.294,0.163,0.165,0.165,0.163,0.163,0.157,0.156,0.155
23:30:06,0,0.223,0.208,0.203,0.194,0.192,0.192,0.184,0.186,0.195,0.2,0.194,0.188,0.358,0.355,0.358,0.353,0.354,0.359,0.349,0.36,0.35,0.356,0.359,0.362,0.348,0.344,0.348,0.336,0.336,0.34,0.35,0.359,0.371,0.333,0.337,0.337,0.345,0.348,0.349,0.362,0.356,0.352,0.34,0.339,0.342,0.343,0.35,0.349,0.349,0.353,0.337,0.33,0.33,0.333,0.335,0.338,0.337,0.56,0.575,0.53,0.511,0.557,0.568,0.559,0.558,0.566,0.43,0.429,0.433,0.388,0.372,0.397,0.392,0.396,0.392,0.58,0.577,0.579,0.511,0.491,0.481,0.535,0.541,0.543,0.57,0.576,0.569,0.534,0.538,0.524,0.499,0.501,0.5,0.511,0.523,0.521,0.515,0.515,0.509,0.477,0.5,0.51,0.539,0.534,0.542,0.535,0.535,0.536,0.515,0.502,0.532,0.387,0.39,0.394,0.387,0.392,0.391,0.388,0.374,0.361,0.521,0.581,0.594,0.52,0.526,0.519,0.564,0.569,0.571,0.562,0.542,0.576,0.532,0.535,0.539,0.543,0.545,0.55,0.563,0.517,0.526,0.54,0.538,0.546,0.537,0.534,0.542,0.298,0.301,0.313,0.308,0.295,0.293,0.287,0.287,0.282,0.311,0.311,0.316,0.321,0.32,0.313,0.309,0.309,0.308,0.302,0.301,0.298,0.286,0.292,0.291,0.305,0.305,0.305,0.303,0.305,0.305,0.299,0.302,0.286,0.308,0.302,0.304,0.302,0.306,0.309,0.305,0.306,0.297,0.288,0.285,0.301,0.17,0.172,0.172,0.17,0.169,0.163,0.163,0.161
24:00:06,0,0.214,0.198,0.193,0.186,0.184,0.185,0.176,0.178,0.186,0.195,0.188,0.182,0.354,0.352,0.354,0.345,0.347,0.351,0.342,0.352,0.341,0.352,0.356,0.359,0.343,0.339,0.344,0.328,0.329,0.333,0.343,0.355,0.366,0.325,0.327,0.33,0.338,0.341,0.343,0.356,0.351,0.345,0.333,0.332,0.334,0.335,0.343,0.341,0.342,0.346,0.331,0.325,0.325,0.326,0.328,0.332,0.331,0.567,0.585,0.525,0.507,0.565,0.575,0.566,0.564,0.57,0.429,0.43,0.433,0.384,0.367,0.399,0.39,0.396,0.391,0.583,0.58,0.582,0.515,0.482,0.483,0.54,0.547,0.544,0.575,0.58,0.57,0.536,0.54,0.526,0.498,0.498,0.497,0.506,0.52,0.518,0.514,0.513,0.509,0.47,0.498,0.51,0.539,0.533,0.539,0.53,0.529,0.533,0.512,0.501,0.529,0.386,0.392,0.393,0.388,0.391,0.391,0.388,0.372,0.357,0.512,0.584,0.595,0.524,0.529,0.521,0.566,0.573,0.571,0.552,0.539,0.584,0.537,0.538,0.542,0.545,0.55,0.554,0.569,0.514,0.519,0.547,0.543,0.549,0.541,0.536,0.542,0.291,0.293,0.304,0.301,0.289,0.287,0.282,0.284,0.277,0.304,0.303,0.309,0.31,0.312,0.306,0.302,0.302,0.301,0.296,0.294,0.293,0.283,0.286,0.285,0.3,0.299,0.299,0.297,0.299,0.299,0.293,0.296,0.281,0.3,0.295,0.297,0.295,0.299,0.301,0.297,0.299,0.288,0.28,0.278,0.291,0.164,0.166,0.166,0.164,0.164,0.158,0.157,0.156
24:30:06,0,0.222,0.205,0.2,0.191,0.19,0.191,0.182,0.185,0.195,0.199,0.194,0.188,0.364,0.36,0.366,0.356,0.361,0.364,0.353,0.373,0.358,0.361,0.365,0.367,0.353,0.348,0.355,0.34,0.341,0.345,0.353,0.366,0.38,0.336,0.34,0.341,0.349,0.353,0.355,0.368,0.364,0.357,0.344,0.343,0.345,0.346,0.356,0.353,0.355,0.357,0.341,0.334,0.334,0.337,0.339,0.342,0.342,0.577,0.59,0.534,0.524,0.579,0.585,0.571,0.571,0.579,0.45,0.447,0.455,0.401,0.38,0.407,0.403,0.409,0.406,0.589,0.587,0.591,0.526,0.499,0.497,0.554,0.561,0.562,0.587,0.589,0.583,0.549,0.554,0.551,0.507,0.51,0.512,0.52,0.532,0.531,0.534,0.536,0.522,0.49,0.509,0.516,0.55,0.546,0.551,0.544,0.547,0.553,0.529,0.516,0.538,0.395,0.401,0.401,0.396,0.398,0.398,0.395,0.379,0.365,0.519,0.592,0.608,0.54,0.545,0.537,0.579,0.584,0.585,0.569,0.536,0.593,0.553,0.553,0.556,0.56,0.562,0.566,0.576,0.524,0.521,0.559,0.557,0.564,0.556,0.551,0.556,0.302,0.304,0.315,0.309,0.298,0.296,0.29,0.292,0.287,0.313,0.313,0.318,0.313,0.325,0.317,0.312,0.313,0.312,0.307,0.307,0.305,0.293,0.299,0.294,0.308,0.308,0.309,0.306,0.308,0.309,0.303,0.306,0.292,0.318,0.304,0.307,0.305,0.309,0.312,0.309,0.312,0.301,0.289,0.287,0.294,0.17,0.172,0.172,0.17,0.17,0.164,0.163,0.162
25:00:06,0,0.218,0.203,0.198,0.188,0.186,0.187,0.178,0.181,0.189,0.195,0.191,0.186,0.361,0.358,0.361,0.35,0.355,0.359,0.349,0.357,0.351,0.358,0.361,0.363,0.348,0.343,0.348,0.333,0.335,0.338,0.349,0.362,0.375,0.33,0.333,0.335,0.343,0.346,0.347,0.367,0.357,0.352,0.338,0.336,0.339,0.341,0.349,0.346,0.347,0.351,0.338,0.329,0.328,0.331,0.333,0.335,0.335,0.583,0.593,0.523,0.523,0.584,0.593,0.58,0.578,0.585,0.44,0.437,0.439,0.397,0.382,0.41,0.406,0.409,0.406,0.598,0.596,0.6,0.535,0.494,0.493,0.557,0.564,0.561,0.593,0.595,0.587,0.556,0.557,0.546,0.507,0.515,0.514,0.52,0.538,0.543,0.54,0.54,0.53,0.487,0.51,0.521,0.555,0.547,0.554,0.545,0.549,0.548,0.525,0.516,0.543,0.404,0.408,0.412,0.407,0.409,0.407,0.404,0.391,0.363,0.514,0.591,0.617,0.547,0.551,0.544,0.587,0.593,0.59,0.575,0.531,0.595,0.561,0.559,0.565,0.564,0.567,0.572,0.585,0.518,0.518,0.567,0.565,0.575,0.565,0.56,0.566,0.301,0.303,0.313,0.307,0.297,0.294,0.288,0.29,0.286,0.308,0.308,0.313,0.31,0.318,0.311,0.307,0.307,0.306,0.304,0.303,0.301,0.289,0.296,0.293,0.305,0.305,0.305,0.304,0.305,0.305,0.299,0.301,0.289,0.313,0.304,0.304,0.303,0.306,0.309,0.306,0.307,0.298,0.286,0.283,0.295,0.167,0.169,0.169,0.167,0.166,0.16,0.16,0.158
25:30:06,0,0.226,0.209,0.204,0.195,0.193,0.194,0.184,0.187,0.195,0.203,0.196,0.19,0.367,0.363,0.37,0.357,0.361,0.364,0.352,0.368,0.356,0.364,0.368,0.371,0.357,0.352,0.356,0.342,0.343,0.345,0.355,0.368,0.384,0.337,0.341,0.344,0.352,0.352,0.355,0.367,0.364,0.359,0.345,0.343,0.346,0.347,0.357,0.355,0.354,0.359,0.344,0.336,0.335,0.338,0.339,0.342,0.343,0.6,0.606,0.541,0.534,0.594,0.602,0.598,0.595,0.599,0.462,0.46,0.463,0.415,0.39,0.42,0.419,0.426,0.422,0.61,0.611,0.614,0.551,0.514,0.507,0.574,0.582,0.577,0.609,0.611,0.602,0.57,0.573,0.563,0.518,0.526,0.525,0.533,0.545,0.549,0.551,0.553,0.54,0.503,0.522,0.53,0.557,0.549,0.554,0.553,0.556,0.556,0.538,0.531,0.55,0.403,0.408,0.408,0.402,0.404,0.405,0.4,0.385,0.371,0.521,0.589,0.62,0.559,0.563,0.553,0.599,0.601,0.6,0.573,0.532,0.597,0.575,0.574,0.578,0.577,0.579,0.583,0.592,0.519,0.522,0.577,0.577,0.587,0.577,0.574,0.577,0.305,0.307,0.318,0.313,0.302,0.301,0.294,0.297,0.293,0.315,0.314,0.319,0.316,0.324,0.317,0.313,0.313,0.312,0.31,0.309,0.307,0.298,0.303,0.298,0.311,0.31,0.31,0.309,0.311,0.311,0.305,0.307,0.296,0.325,0.309,0.31,0.308,0.312,0.315,0.312,0.314,0.305,0.294,0.29,0.299,0.171,0.173,0.173,0.171,0.171,0.165,0.164,0.162
26:00:06,0,0.22,0.204,0.199,0.189,0.188,0.189,0.179,0.181,0.19,0.198,0.192,0.186,0.361,0.356,0.36,0.349,0.352,0.354,0.342,0.362,0.348,0.361,0.364,0.365,0.348,0.343,0.347,0.334,0.336,0.335,0.349,0.366,0.379,0.33,0.333,0.334,0.342,0.344,0.346,0.361,0.358,0.353,0.337,0.336,0.338,0.339,0.347,0.346,0.345,0.349,0.338,0.329,0.327,0.331,0.332,0.334,0.335,0.591,0.602,0.528,0.533,0.589,0.6,0.588,0.592,0.596,0.443,0.441,0.443,0.406,0.394,0.412,0.408,0.412,0.408,0.604,0.604,0.604,0.541,0.498,0.51,0.564,0.572,0.568,0.598,0.601,0.592,0.559,0.561,0.549,0.519,0.526,0.527,0.532,0.547,0.549,0.545,0.546,0.535,0.491,0.52,0.531,0.555,0.546,0.55,0.55,0.553,0.554,0.534,0.518,0.546,0.398,0.4,0.403,0.398,0.402,0.399,0.397,0.384,0.362,0.512,0.578,0.608,0.553,0.56,0.555,0.595,0.602,0.601,0.572,0.526,0.586,0.57,0.566,0.575,0.568,0.572,0.581,0.589,0.514,0.514,0.579,0.579,0.582,0.572,0.571,0.574,0.299,0.3,0.309,0.307,0.296,0.294,0.288,0.29,0.287,0.306,0.305,0.31,0.306,0.314,0.311,0.306,0.307,0.306,0.304,0.303,0.301,0.293,0.298,0.292,0.305,0.305,0.304,0.304,0.305,0.305,0.299,0.301,0.291,0.325,0.306,0.306,0.305,0.309,0.311,0.308,0.309,0.3,0.291,0.281,0.298,0.167,0.169,0.169,0.167,0.166,0.161,0.16,0.158
26:30:06,0,0.225,0.21,0.205,0.194,0.192,0.193,0.184,0.186,0.195,0.204,0.197,0.193,0.375,0.37,0.375,0.365,0.368,0.371,0.359,0.378,0.364,0.375,0.377,0.381,0.362,0.356,0.362,0.347,0.35,0.353,0.361,0.382,0.395,0.342,0.347,0.348,0.357,0.359,0.361,0.378,0.373,0.366,0.35,0.348,0.35,0.351,0.361,0.358,0.359,0.364,0.348,0.34,0.338,0.342,0.344,0.346,0.348,0.613,0.625,0.549,0.545,0.612,0.622,0.607,0.612,0.613,0.469,0.467,0.47,0.422,0.406,0.429,0.427,0.431,0.427,0.625,0.625,0.625,0.567,0.519,0.522,0.58,0.59,0.59,0.621,0.623,0.615,0.585,0.587,0.57,0.53,0.535,0.533,0.538,0.555,0.557,0.561,0.559,0.546,0.511,0.532,0.542,0.555,0.547,0.553,0.551,0.555,0.555,0.542,0.533,0.548,0.416,0.421,0.42,0.416,0.418,0.418,0.413,0.394,0.378,0.524,0.586,0.612,0.575,0.582,0.574,0.612,0.616,0.615,0.577,0.535,0.591,0.584,0.584,0.591,0.576,0.581,0.59,0.596,0.523,0.527,0.592,0.598,0.606,0.589,0.584,0.591,0.309,0.312,0.321,0.315,0.305,0.303,0.297,0.299,0.296,0.317,0.317,0.322,0.311,0.323,0.323,0.318,0.319,0.318,0.315,0.314,0.313,0.304,0.311,0.302,0.313,0.313,0.314,0.313,0.314,0.314,0.309,0.313,0.307,0.338,0.315,0.316,0.315,0.319,0.322,0.32,0.323,0.312,0.301,0.291,0.302,0.174,0.177,0.176,0.174,0.174,0.168,0.167,0.166
27:00:06,0,0.229,0.211,0.207,0.195,0.193,0.195,0.186,0.188,0.195,0.206,0.198,0.194,0.379,0.374,0.38,0.369,0.373,0.376,0.365,0.386,0.366,0.379,0.38,0.383,0.366,0.362,0.368,0.353,0.356,0.356,0.365,0.384,0.398,0.346,0.351,0.353,0.362,0.365,0.367,0.383,0.373,0.37,0.355,0.353,0.356,0.357,0.367,0.365,0.366,0.37,0.353,0.345,0.343,0.347,0.35,0.353,0.353,0.619,0.629,0.552,0.555,0.621,0.63,0.616,0.619,0.621,0.481,0.474,0.481,0.434,0.41,0.429,0.433,0.438,0.435,0.634,0.632,0.635,0.575,0.526,0.531,0.59,0.598,0.6,0.631,0.632,0.624,0.595,0.596,0.583,0.542,0.547,0.544,0.547,0.562,0.563,0.568,0.568,0.557,0.519,0.54,0.553,0.556,0.55,0.558,0.554,0.557,0.557,0.544,0.538,0.548,0.419,0.424,0.426,0.424,0.429,0.427,0.425,0.404,0.386,0.529,0.571,0.604,0.586,0.591,0.585,0.617,0.625,0.622,0.58,0.538,0.573,0.585,0.589,0.592,0.574,0.581,0.59,0.596,0.528,0.531,0.585,0.601,0.614,0.594,0.587,0.594,0.315,0.318,0.327,0.322,0.311,0.309,0.303,0.305,0.302,0.324,0.323,0.328,0.319,0.333,0.328,0.323,0.324,0.324,0.321,0.321,0.319,0.31,0.316,0.308,0.319,0.319,0.319,0.318,0.32,0.321,0.315,0.317,0.316,0.34,0.32,0.321,0.32,0.325,0.327,0.325,0.328,0.318,0.315,0.297,0.306,0.176,0.178,0.178,0.176,0.175,0.169,0.169,0.167
27:30:06,0,0.234,0.217,0.213,0.2,0.198,0.199,0.19,0.192,0.194,0.2,0.195,0.19,0.37,0.364,0.369,0.358,0.364,0.365,0.354,0.371,0.358,0.368,0.372,0.374,0.358,0.354,0.36,0.344,0.346,0.346,0.356,0.375,0.389,0.338,0.342,0.347,0.355,0.355,0.357,0.373,0.37,0.362,0.346,0.345,0.348,0.35,0.357,0.356,0.355,0.36,0.345,0.336,0.335,0.338,0.341,0.344,0.345,0.622,0.623,0.553,0.551,0.617,0.623,0.618,0.619,0.616,0.476,0.471,0.474,0.438,0.405,0.428,0.43,0.439,0.432,0.635,0.635,0.639,0.581,0.529,0.53,0.589,0.601,0.6,0.627,0.638,0.63,0.596,0.599,0.585,0.539,0.544,0.542,0.546,0.559,0.562,0.569,0.569,0.557,0.511,0.537,0.547,0.546,0.539,0.545,0.542,0.544,0.543,0.532,0.524,0.538,0.42,0.428,0.424,0.422,0.424,0.419,0.412,0.391,0.379,0.52,0.565,0.594,0.584,0.592,0.585,0.607,0.612,0.612,0.558,0.532,0.563,0.571,0.579,0.584,0.564,0.571,0.581,0.582,0.516,0.524,0.561,0.587,0.606,0.583,0.578,0.586,0.307,0.31,0.318,0.314,0.304,0.303,0.296,0.298,0.295,0.315,0.315,0.32,0.316,0.324,0.32,0.315,0.316,0.315,0.314,0.313,0.311,0.304,0.309,0.3,0.312,0.311,0.31,0.311,0.313,0.313,0.307,0.31,0.309,0.328,0.313,0.313,0.312,0.316,0.318,0.316,0.318,0.309,0.306,0.291,0.301,0.17,0.172,0.172,0.17,0.17,0.163,0.163,0.161
28:00:06,0,0.217,0.2,0.197,0.186,0.184,0.185,0.176,0.178,0.191,0.199,0.191,0.186,0.366,0.36,0.362,0.351,0.354,0.359,0.345,0.364,0.352,0.366,0.371,0.371,0.353,0.348,0.352,0.338,0.34,0.336,0.352,0.374,0.388,0.331,0.336,0.338,0.347,0.348,0.348,0.36,0.36,0.358,0.338,0.337,0.341,0.341,0.348,0.347,0.347,0.35,0.339,0.329,0.327,0.332,0.333,0.334,0.335,0.622,0.624,0.54,0.556,0.618,0.625,0.615,0.621,0.619,0.461,0.457,0.461,0.42,0.414,0.43,0.429,0.431,0.427,0.631,0.628,0.631,0.569,0.518,0.527,0.593,0.6,0.593,0.625,0.628,0.619,0.586,0.59,0.568,0.54,0.546,0.544,0.549,0.562,0.562,0.562,0.56,0.551,0.502,0.531,0.55,0.548,0.541,0.544,0.54,0.544,0.544,0.526,0.512,0.536,0.412,0.416,0.418,0.415,0.419,0.416,0.412,0.397,0.373,0.514,0.578,0.603,0.58,0.591,0.586,0.595,0.605,0.605,0.561,0.532,0.577,0.568,0.572,0.577,0.561,0.566,0.576,0.579,0.511,0.517,0.574,0.587,0.596,0.574,0.574,0.578,0.301,0.303,0.31,0.307,0.298,0.296,0.29,0.292,0.289,0.306,0.306,0.31,0.302,0.308,0.311,0.307,0.306,0.306,0.306,0.305,0.304,0.296,0.301,0.294,0.305,0.305,0.304,0.304,0.305,0.305,0.3,0.302,0.302,0.312,0.303,0.305,0.303,0.308,0.309,0.306,0.307,0.299,0.296,0.286,0.297,0.168,0.17,0.17,0.168,0.167,0.161,0.161,0.159
28:30:06,0,0.225,0.208,0.204,0.19,0.188,0.19,0.181,0.182,0.192,0.198,0.192,0.187,0.368,0.363,0.366,0.356,0.36,0.363,0.353,0.366,0.354,0.366,0.371,0.373,0.355,0.351,0.357,0.342,0.345,0.342,0.356,0.376,0.388,0.335,0.338,0.342,0.352,0.352,0.355,0.37,0.365,0.358,0.343,0.341,0.345,0.345,0.353,0.351,0.351,0.356,0.342,0.333,0.329,0.335,0.337,0.34,0.342,0.631,0.645,0.552,0.558,0.622,0.631,0.623,0.628,0.624,0.477,0.474,0.483,0.431,0.411,0.433,0.436,0.439,0.435,0.638,0.639,0.642,0.582,0.526,0.537,0.598,0.611,0.606,0.635,0.636,0.628,0.599,0.603,0.583,0.546,0.55,0.547,0.551,0.565,0.566,0.568,0.571,0.556,0.515,0.535,0.553,0.546,0.538,0.545,0.541,0.543,0.541,0.529,0.517,0.535,0.428,0.433,0.433,0.427,0.43,0.427,0.422,0.398,0.379,0.521,0.581,0.6,0.581,0.592,0.585,0.595,0.603,0.602,0.561,0.531,0.568,0.562,0.564,0.574,0.56,0.568,0.577,0.582,0.513,0.52,0.564,0.575,0.593,0.57,0.571,0.58,0.304,0.306,0.314,0.31,0.301,0.299,0.293,0.295,0.293,0.311,0.31,0.315,0.316,0.318,0.315,0.31,0.312,0.311,0.31,0.309,0.308,0.3,0.306,0.297,0.308,0.307,0.307,0.307,0.309,0.309,0.304,0.307,0.311,0.321,0.307,0.308,0.307,0.311,0.313,0.311,0.313,0.303,0.301,0.289,0.297,0.169,0.171,0.171,0.169,0.169,0.163,0.162,0.16
29:00:06,0,0.22,0.203,0.2,0.187,0.185,0.187,0.177,0.18,0.187,0.198,0.191,0.186,0.368,0.359,0.365,0.354,0.357,0.361,0.351,0.364,0.352,0.366,0.371,0.373,0.356,0.35,0.357,0.339,0.343,0.341,0.352,0.373,0.385,0.331,0.334,0.338,0.347,0.35,0.349,0.369,0.36,0.356,0.34,0.338,0.342,0.342,0.349,0.349,0.348,0.354,0.339,0.33,0.326,0.331,0.334,0.337,0.338,0.638,0.646,0.544,0.557,0.63,0.641,0.631,0.636,0.634,0.479,0.474,0.479,0.429,0.415,0.435,0.437,0.44,0.439,0.646,0.645,0.649,0.589,0.528,0.536,0.6,0.612,0.612,0.64,0.642,0.634,0.604,0.609,0.586,0.546,0.556,0.554,0.556,0.571,0.574,0.579,0.58,0.567,0.513,0.532,0.559,0.543,0.541,0.546,0.54,0.54,0.541,0.524,0.513,0.533,0.432,0.438,0.439,0.436,0.44,0.44,0.434,0.416,0.382,0.514,0.576,0.607,0.579,0.59,0.583,0.598,0.607,0.604,0.562,0.532,0.576,0.566,0.566,0.574,0.56,0.569,0.576,0.585,0.515,0.52,0.572,0.579,0.596,0.571,0.575,0.583,0.302,0.304,0.311,0.307,0.298,0.296,0.29,0.292,0.29,0.307,0.307,0.312,0.311,0.312,0.311,0.306,0.307,0.305,0.305,0.305,0.304,0.296,0.301,0.294,0.304,0.304,0.304,0.304,0.306,0.306,0.3,0.304,0.307,0.312,0.302,0.303,0.301,0.305,0.307,0.304,0.305,0.297,0.295,0.287,0.295,0.168,0.17,0.169,0.167,0.167,0.161,0.161,0.159
29:30:06,0,0.22,0.204,0.201,0.187,0.185,0.187,0.178,0.181,0.188,0.198,0.19,0.185,0.366,0.361,0.364,0.353,0.357,0.36,0.349,0.366,0.354,0.366,0.37,0.371,0.357,0.352,0.355,0.34,0.345,0.34,0.352,0.377,0.39,0.332,0.338,0.341,0.351,0.35,0.351,0.37,0.362,0.359,0.341,0.339,0.344,0.342,0.351,0.351,0.348,0.352,0.34,0.329,0.328,0.332,0.334,0.337,0.337,0.644,0.653,0.552,0.563,0.631,0.647,0.637,0.64,0.637,0.489,0.489,0.49,0.441,0.421,0.438,0.443,0.447,0.449,0.649,0.65,0.659,0.595,0.537,0.542,0.603,0.617,0.617,0.648,0.655,0.646,0.611,0.62,0.597,0.55,0.557,0.554,0.554,0.57,0.57,0.571,0.571,0.557,0.51,0.529,0.562,0.541,0.539,0.544,0.54,0.542,0.543,0.526,0.516,0.532,0.429,0.436,0.438,0.433,0.437,0.437,0.432,0.406,0.383,0.517,0.568,0.592,0.574,0.586,0.582,0.594,0.603,0.596,0.56,0.529,0.567,0.559,0.564,0.569,0.56,0.57,0.577,0.583,0.514,0.519,0.553,0.569,0.594,0.57,0.573,0.582,0.303,0.305,0.312,0.309,0.298,0.297,0.292,0.294,0.292,0.308,0.307,0.312,0.311,0.313,0.312,0.307,0.308,0.307,0.307,0.306,0.305,0.297,0.302,0.294,0.305,0.305,0.304,0.305,0.307,0.306,0.301,0.304,0.309,0.311,0.302,0.304,0.302,0.306,0.308,0.305,0.306,0.297,0.295,0.29,0.295,0.166,0.168,0.168,0.166,0.165,0.159,0.158,0.157
30:00:06,0,0.226,0.21,0.207,0.192,0.191,0.192,0.182,0.185,0.193,0.203,0.195,0.189,0.374,0.369,0.375,0.359,0.364,0.366,0.354,0.371,0.356,0.372,0.375,0.379,0.365,0.361,0.365,0.347,0.352,0.347,0.358,0.382,0.393,0.337,0.342,0.346,0.354,0.356,0.356,0.375,0.366,0.363,0.344,0.343,0.348,0.347,0.354,0.354,0.352,0.357,0.345,0.333,0.331,0.337,0.339,0.341,0.342,0.649,0.659,0.559,0.572,0.638,0.655,0.646,0.653,0.651,0.492,0.49,0.493,0.457,0.427,0.439,0.445,0.454,0.451,0.657,0.657,0.658,0.598,0.54,0.548,0.61,0.624,0.624,0.655,0.658,0.647,0.618,0.622,0.603,0.55,0.562,0.562,0.569,0.576,0.576,0.577,0.584,0.571,0.522,0.531,0.568,0.546,0.54,0.546,0.546,0.547,0.546,0.532,0.518,0.536,0.437,0.446,0.446,0.442,0.445,0.447,0.442,0.416,0.394,0.52,0.562,0.59,0.575,0.583,0.584,0.597,0.608,0.604,0.569,0.534,0.556,0.564,0.562,0.569,0.562,0.573,0.584,0.588,0.519,0.524,0.551,0.561,0.578,0.565,0.568,0.58,0.307,0.309,0.317,0.314,0.303,0.302,0.297,0.3,0.297,0.313,0.312,0.317,0.316,0.318,0.317,0.311,0.312,0.311,0.311,0.311,0.31,0.302,0.307,0.3,0.311,0.31,0.31,0.31,0.312,0.312,0.307,0.31,0.316,0.318,0.308,0.308,0.307,0.312,0.313,0.31,0.31,0.302,0.302,0.293,0.301,0.171,0.173,0.173,0.171,0.171,0.165,0.164,0.163
30:30:06,0,0.224,0.208,0.205,0.19,0.188,0.19,0.18,0.183,0.19,0.199,0.192,0.187,0.372,0.367,0.372,0.359,0.365,0.368,0.355,0.375,0.357,0.373,0.374,0.377,0.364,0.361,0.365,0.349,0.353,0.347,0.359,0.385,0.396,0.339,0.345,0.348,0.359,0.359,0.36,0.38,0.366,0.366,0.347,0.344,0.35,0.349,0.358,0.358,0.356,0.359,0.345,0.334,0.333,0.337,0.34,0.343,0.344,0.652,0.661,0.566,0.578,0.643,0.66,0.649,0.654,0.655,0.5,0.498,0.501,0.46,0.434,0.445,0.455,0.463,0.46,0.657,0.659,0.662,0.604,0.545,0.556,0.613,0.627,0.632,0.657,0.662,0.651,0.626,0.629,0.61,0.549,0.561,0.565,0.569,0.576,0.581,0.589,0.594,0.576,0.526,0.53,0.566,0.546,0.541,0.55,0.548,0.547,0.549,0.533,0.519,0.536,0.441,0.447,0.45,0.447,0.453,0.455,0.449,0.423,0.392,0.52,0.566,0.602,0.569,0.583,0.58,0.599,0.61,0.605,0.572,0.534,0.57,0.56,0.566,0.577,0.564,0.576,0.585,0.592,0.521,0.524,0.553,0.566,0.585,0.568,0.573,0.582,0.308,0.311,0.318,0.314,0.302,0.301,0.295,0.297,0.295,0.312,0.312,0.317,0.315,0.319,0.317,0.312,0.312,0.312,0.311,0.311,0.31,0.302,0.307,0.3,0.309,0.309,0.309,0.31,0.311,0.311,0.306,0.311,0.316,0.319,0.308,0.308,0.307,0.312,0.314,0.31,0.308,0.302,0.303,0.291,0.296,0.17,0.172,0.172,0.17,0.169,0.164,0.163,0.161
31:00:06,0,0.222,0.206,0.202,0.187,0.185,0.186,0.177,0.179,0.187,0.197,0.19,0.184,0.367,0.362,0.367,0.358,0.361,0.363,0.35,0.367,0.353,0.368,0.369,0.371,0.359,0.355,0.359,0.345,0.349,0.341,0.354,0.381,0.391,0.335,0.339,0.344,0.352,0.353,0.353,0.371,0.363,0.361,0.341,0.34,0.346,0.345,0.351,0.353,0.348,0.354,0.34,0.33,0.328,0.333,0.335,0.338,0.338,0.651,0.657,0.562,0.576,0.638,0.655,0.646,0.65,0.648,0.492,0.491,0.493,0.451,0.431,0.438,0.449,0.453,0.454,0.657,0.658,0.659,0.599,0.541,0.552,0.609,0.62,0.629,0.655,0.659,0.647,0.624,0.626,0.611,0.541,0.553,0.554,0.563,0.567,0.576,0.585,0.589,0.577,0.519,0.525,0.559,0.542,0.537,0.545,0.543,0.545,0.544,0.528,0.515,0.531,0.434,0.44,0.442,0.439,0.447,0.45,0.448,0.421,0.391,0.518,0.554,0.571,0.558,0.568,0.572,0.594,0.602,0.601,0.567,0.529,0.56,0.544,0.551,0.563,0.555,0.57,0.582,0.589,0.515,0.521,0.544,0.553,0.569,0.56,0.566,0.579,0.306,0.308,0.315,0.309,0.299,0.298,0.293,0.295,0.293,0.308,0.307,0.312,0.312,0.313,0.312,0.307,0.307,0.306,0.307,0.307,0.306,0.298,0.303,0.296,0.305,0.305,0.305,0.305,0.307,0.307,0.301,0.305,0.311,0.312,0.303,0.304,0.303,0.307,0.309,0.305,0.303,0.297,0.299,0.287,0.292,0.166,0.168,0.168,0.166,0.165,0.159,0.159,0.157
31:30:06,0,0.225,0.208,0.204,0.189,0.188,0.188,0.178,0.181,0.19,0.198,0.191,0.185,0.374,0.367,0.37,0.357,0.364,0.367,0.353,0.374,0.356,0.371,0.374,0.376,0.363,0.36,0.364,0.348,0.353,0.346,0.358,0.38,0.39,0.336,0.34,0.343,0.352,0.354,0.355,0.375,0.365,0.364,0.343,0.341,0.346,0.345,0.352,0.353,0.351,0.357,0.345,0.331,0.329,0.334,0.338,0.34,0.341,0.665,0.666,0.57,0.582,0.642,0.654,0.65,0.659,0.662,0.486,0.487,0.487,0.456,0.434,0.438,0.444,0.45,0.452,0.669,0.67,0.673,0.611,0.55,0.552,0.617,0.624,0.621,0.66,0.663,0.649,0.629,0.636,0.606,0.54,0.552,0.554,0.565,0.569,0.574,0.591,0.591,0.57,0.52,0.524,0.558,0.546,0.541,0.546,0.543,0.545,0.545,0.528,0.514,0.533,0.44,0.446,0.447,0.442,0.447,0.45,0.442,0.423,0.399,0.515,0.565,0.59,0.564,0.58,0.578,0.598,0.613,0.609,0.57,0.528,0.571,0.55,0.559,0.571,0.553,0.579,0.588,0.594,0.516,0.521,0.549,0.568,0.578,0.568,0.566,0.587,0.309,0.311,0.319,0.312,0.302,0.301,0.296,0.298,0.296,0.311,0.31,0.316,0.315,0.316,0.314,0.309,0.309,0.308,0.309,0.309,0.308,0.3,0.306,0.299,0.307,0.307,0.307,0.307,0.309,0.309,0.304,0.308,0.313,0.314,0.304,0.306,0.304,0.309,0.31,0.306,0.305,0.299,0.3,0.291,0.296,0.167,0.169,0.169,0.167,0.167,0.161,0.16,0.159
32:00:06,0,0.226,0.211,0.205,0.188,0.186,0.188,0.178,0.181,0.189,0.197,0.19,0.185,0.373,0.367,0.371,0.357,0.363,0.366,0.352,0.373,0.356,0.372,0.373,0.375,0.364,0.361,0.364,0.348,0.354,0.343,0.354,0.383,0.395,0.335,0.34,0.343,0.353,0.354,0.354,0.374,0.364,0.364,0.343,0.342,0.348,0.346,0.353,0.354,0.351,0.359,0.343,0.33,0.329,0.334,0.337,0.339,0.34,0.669,0.671,0.569,0.578,0.659,0.674,0.669,0.672,0.671,0.511,0.505,0.503,0.468,0.444,0.464,0.47,0.475,0.48,0.677,0.675,0.678,0.619,0.551,0.547,0.629,0.646,0.638,0.673,0.678,0.649,0.64,0.643,0.612,0.537,0.55,0.552,0.561,0.564,0.566,0.591,0.594,0.571,0.515,0.523,0.555,0.55,0.542,0.547,0.543,0.546,0.548,0.528,0.513,0.533,0.462,0.47,0.466,0.455,0.459,0.459,0.452,0.415,0.397,0.516,0.574,0.599,0.572,0.584,0.58,0.599,0.607,0.605,0.566,0.532,0.579,0.558,0.553,0.581,0.558,0.577,0.59,0.592,0.516,0.523,0.555,0.571,0.585,0.575,0.574,0.589,0.308,0.311,0.319,0.312,0.302,0.301,0.296,0.298,0.297,0.311,0.31,0.316,0.316,0.315,0.314,0.309,0.309,0.308,0.309,0.309,0.309,0.301,0.305,0.299,0.307,0.307,0.307,0.307,0.309,0.309,0.304,0.307,0.313,0.316,0.305,0.305,0.305,0.309,0.311,0.306,0.305,0.299,0.301,0.29,0.294,0.167,0.169,0.169,0.167,0.166,0.161,0.16,0.159
32:30:06,0,0.221,0.206,0.202,0.186,0.185,0.186,0.177,0.179,0.188,0.198,0.19,0.185,0.371,0.365,0.368,0.355,0.36,0.362,0.35,0.369,0.353,0.373,0.374,0.377,0.364,0.361,0.363,0.345,0.351,0.341,0.355,0.385,0.397,0.334,0.34,0.343,0.351,0.352,0.353,0.37,0.361,0.366,0.342,0.342,0.347,0.345,0.353,0.354,0.351,0.354,0.341,0.329,0.327,0.332,0.335,0.338,0.339,0.675,0.676,0.567,0.57,0.666,0.681,0.673,0.675,0.677,0.51,0.509,0.507,0.463,0.449,0.468,0.476,0.481,0.478,0.677,0.678,0.68,0.623,0.547,0.544,0.622,0.644,0.642,0.668,0.667,0.639,0.641,0.646,0.612,0.536,0.545,0.547,0.554,0.559,0.564,0.593,0.602,0.57,0.512,0.522,0.552,0.543,0.542,0.547,0.543,0.543,0.548,0.528,0.511,0.532,0.465,0.471,0.471,0.459,0.467,0.469,0.461,0.435,0.399,0.515,0.573,0.6,0.571,0.582,0.581,0.602,0.605,0.605,0.574,0.531,0.572,0.555,0.554,0.577,0.557,0.572,0.586,0.591,0.514,0.517,0.552,0.568,0.582,0.571,0.567,0.585,0.304,0.306,0.312,0.309,0.3,0.299,0.294,0.296,0.294,0.307,0.307,0.312,0.311,0.313,0.312,0.307,0.307,0.307,0.309,0.309,0.308,0.3,0.306,0.296,0.305,0.304,0.304,0.305,0.307,0.307,0.302,0.306,0.311,0.317,0.302,0.303,0.302,0.307,0.307,0.302,0.302,0.298,0.3,0.291,0.295,0.167,0.17,0.169,0.167,0.167,0.161,0.16,0.159
33:00:06,0,0.227,0.21,0.206,0.189,0.187,0.188,0.179,0.182,0.19,0.198,0.191,0.185,0.38,0.372,0.375,0.361,0.366,0.369,0.354,0.373,0.359,0.379,0.38,0.383,0.369,0.365,0.368,0.352,0.357,0.346,0.361,0.393,0.404,0.34,0.347,0.349,0.357,0.359,0.358,0.374,0.369,0.374,0.348,0.348,0.355,0.351,0.358,0.361,0.356,0.36,0.346,0.335,0.332,0.337,0.34,0.343,0.343,0.682,0.683,0.575,0.571,0.675,0.689,0.68,0.681,0.682,0.517,0.514,0.514,0.475,0.463,0.482,0.487,0.494,0.492,0.682,0.683,0.688,0.63,0.552,0.545,0.625,0.652,0.648,0.67,0.671,0.645,0.649,0.653,0.614,0.542,0.551,0.554,0.559,0.565,0.567,0.587,0.592,0.566,0.514,0.526,0.558,0.551,0.551,0.556,0.547,0.563,0.554,0.534,0.518,0.539,0.474,0.483,0.48,0.47,0.476,0.476,0.47,0.441,0.407,0.519,0.589,0.609,0.582,0.59,0.585,0.606,0.609,0.608,0.576,0.543,0.587,0.573,0.562,0.584,0.566,0.581,0.593,0.595,0.519,0.522,0.568,0.589,0.599,0.585,0.583,0.592,0.309,0.311,0.318,0.315,0.306,0.304,0.299,0.301,0.299,0.313,0.312,0.317,0.317,0.318,0.317,0.312,0.312,0.311,0.314,0.314,0.313,0.304,0.31,0.302,0.31,0.31,0.31,0.31,0.312,0.312,0.308,0.311,0.316,0.324,0.308,0.309,0.308,0.313,0.313,0.308,0.308,0.303,0.305,0.296,0.301,0.17,0.172,0.172,0.17,0.169,0.163,0.162,0.161
33:30:06,0,0.22,0.204,0.201,0.184,0.182,0.184,0.174,0.176,0.184,0.193,0.186,0.18,0.367,0.363,0.365,0.355,0.358,0.36,0.345,0.364,0.351,0.369,0.369,0.372,0.361,0.357,0.36,0.345,0.35,0.338,0.354,0.383,0.393,0.331,0.338,0.341,0.35,0.352,0.35,0.364,0.361,0.366,0.34,0.34,0.347,0.344,0.35,0.354,0.349,0.352,0.338,0.326,0.325,0.33,0.333,0.335,0.336,0.675,0.678,0.568,0.564,0.661,0.684,0.675,0.676,0.679,0.508,0.502,0.504,0.473,0.45,0.461,0.469,0.482,0.481,0.668,0.672,0.679,0.624,0.533,0.538,0.602,0.624,0.633,0.655,0.654,0.631,0.637,0.644,0.601,0.533,0.543,0.543,0.551,0.556,0.559,0.572,0.575,0.554,0.506,0.518,0.55,0.543,0.537,0.546,0.537,0.548,0.548,0.527,0.508,0.529,0.464,0.472,0.471,0.462,0.47,0.473,0.466,0.441,0.402,0.51,0.556,0.575,0.559,0.57,0.569,0.598,0.6,0.606,0.572,0.522,0.555,0.546,0.544,0.566,0.547,0.568,0.583,0.59,0.513,0.516,0.537,0.555,0.562,0.567,0.564,0.585,0.3,0.302,0.308,0.306,0.297,0.296,0.29,0.293,0.291,0.304,0.304,0.309,0.309,0.31,0.308,0.303,0.304,0.303,0.306,0.305,0.304,0.296,0.302,0.293,0.301,0.301,0.3,0.301,0.302,0.302,0.298,0.301,0.307,0.314,0.298,0.3,0.298,0.303,0.304,0.299,0.299,0.294,0.296,0.286,0.291,0.164,0.166,0.166,0.164,0.163,0.157,0.156,0.155
34:00:06,0,0.219,0.204,0.201,0.184,0.183,0.184,0.175,0.177,0.185,0.193,0.186,0.18,0.369,0.363,0.366,0.353,0.36,0.358,0.344,0.36,0.346,0.369,0.37,0.374,0.36,0.358,0.36,0.344,0.35,0.336,0.35,0.382,0.392,0.327,0.334,0.338,0.347,0.35,0.348,0.366,0.358,0.363,0.337,0.338,0.345,0.339,0.347,0.35,0.345,0.35,0.335,0.323,0.321,0.326,0.33,0.332,0.334,0.688,0.682,0.561,0.56,0.667,0.688,0.682,0.684,0.688,0.507,0.502,0.503,0.467,0.455,0.466,0.472,0.48,0.478,0.668,0.671,0.678,0.63,0.534,0.533,0.607,0.626,0.624,0.651,0.65,0.633,0.626,0.639,0.593,0.53,0.541,0.542,0.55,0.558,0.564,0.58,0.584,0.562,0.503,0.512,0.546,0.546,0.539,0.546,0.537,0.546,0.546,0.525,0.503,0.536,0.476,0.483,0.481,0.473,0.475,0.477,0.472,0.455,0.403,0.521,0.578,0.604,0.577,0.585,0.585,0.602,0.607,0.609,0.572,0.537,0.581,0.566,0.546,0.583,0.558,0.577,0.591,0.596,0.51,0.516,0.562,0.588,0.593,0.581,0.57,0.593,0.295,0.298,0.303,0.303,0.294,0.293,0.288,0.29,0.289,0.302,0.301,0.306,0.304,0.307,0.304,0.299,0.299,0.299,0.302,0.301,0.299,0.291,0.297,0.289,0.297,0.297,0.296,0.297,0.299,0.299,0.295,0.297,0.305,0.31,0.296,0.296,0.295,0.299,0.301,0.295,0.296,0.291,0.293,0.283,0.286,0.162,0.164,0.164,0.162,0.162,0.156,0.155,0.154
34:30:06,0,0.223,0.207,0.204,0.187,0.185,0.187,0.178,0.179,0.187,0.196,0.186,0.18,0.368,0.364,0.366,0.354,0.36,0.358,0.345,0.362,0.347,0.368,0.371,0.374,0.361,0.358,0.359,0.345,0.352,0.336,0.349,0.382,0.393,0.327,0.335,0.338,0.348,0.35,0.348,0.368,0.359,0.365,0.337,0.337,0.345,0.338,0.346,0.35,0.344,0.348,0.335,0.322,0.321,0.325,0.329,0.332,0.333,0.694,0.687,0.561,0.564,0.662,0.694,0.689,0.688,0.692,0.512,0.509,0.509,0.475,0.459,0.475,0.481,0.488,0.486,0.665,0.67,0.674,0.627,0.533,0.535,0.607,0.629,0.623,0.651,0.652,0.634,0.62,0.631,0.59,0.531,0.542,0.542,0.55,0.557,0.561,0.574,0.576,0.554,0.503,0.513,0.545,0.543,0.545,0.546,0.538,0.544,0.545,0.522,0.505,0.538,0.481,0.49,0.488,0.479,0.481,0.484,0.478,0.46,0.405,0.525,0.585,0.596,0.577,0.58,0.579,0.607,0.606,0.608,0.572,0.533,0.576,0.56,0.551,0.575,0.562,0.58,0.59,0.595,0.51,0.514,0.568,0.583,0.597,0.575,0.578,0.593,0.295,0.297,0.302,0.301,0.292,0.292,0.287,0.289,0.288,0.301,0.299,0.305,0.3,0.306,0.303,0.298,0.299,0.298,0.3,0.299,0.298,0.291,0.296,0.288,0.296,0.296,0.295,0.296,0.298,0.298,0.293,0.296,0.302,0.31,0.294,0.296,0.295,0.299,0.3,0.295,0.294,0.29,0.291,0.282,0.285,0.161,0.163,0.163,0.161,0.161,0.155,0.154,0.153
35:00:06,0,0.223,0.208,0.205,0.187,0.186,0.187,0.178,0.18,0.189,0.2,0.191,0.185,0.382,0.376,0.379,0.364,0.37,0.372,0.355,0.375,0.359,0.386,0.386,0.392,0.377,0.371,0.372,0.357,0.365,0.345,0.36,0.404,0.414,0.339,0.35,0.352,0.361,0.364,0.36,0.378,0.367,0.384,0.349,0.351,0.361,0.351,0.36,0.365,0.359,0.361,0.344,0.333,0.331,0.337,0.341,0.343,0.344,0.703,0.7,0.565,0.571,0.674,0.71,0.699,0.7,0.705,0.528,0.523,0.523,0.501,0.486,0.499,0.5,0.506,0.503,0.677,0.68,0.684,0.634,0.541,0.546,0.631,0.642,0.636,0.665,0.668,0.647,0.636,0.644,0.602,0.54,0.551,0.55,0.555,0.564,0.571,0.587,0.59,0.563,0.512,0.524,0.558,0.552,0.55,0.556,0.549,0.555,0.549,0.532,0.515,0.546,0.505,0.51,0.505,0.493,0.495,0.496,0.49,0.471,0.42,0.526,0.595,0.615,0.588,0.595,0.593,0.614,0.613,0.617,0.588,0.554,0.593,0.577,0.575,0.594,0.573,0.587,0.603,0.606,0.522,0.527,0.576,0.598,0.606,0.591,0.592,0.603,0.305,0.307,0.312,0.312,0.3,0.3,0.294,0.297,0.296,0.31,0.31,0.316,0.31,0.315,0.314,0.309,0.31,0.309,0.31,0.31,0.309,0.301,0.309,0.298,0.306,0.306,0.306,0.306,0.308,0.308,0.304,0.307,0.316,0.318,0.302,0.303,0.302,0.306,0.308,0.303,0.302,0.298,0.3,0.291,0.291,0.168,0.171,0.171,0.169,0.168,0.162,0.162,0.16
35:30:06,0,0.228,0.212,0.208,0.188,0.187,0.189,0.179,0.181,0.19,0.202,0.191,0.185,0.378,0.372,0.374,0.361,0.366,0.367,0.351,0.371,0.352,0.379,0.38,0.384,0.373,0.367,0.368,0.355,0.361,0.341,0.358,0.398,0.407,0.337,0.347,0.35,0.36,0.362,0.355,0.371,0.363,0.38,0.347,0.347,0.358,0.349,0.356,0.361,0.354,0.357,0.341,0.33,0.329,0.334,0.337,0.34,0.34,0.702,0.698,0.556,0.564,0.664,0.699,0.697,0.697,0.701,0.526,0.524,0.522,0.494,0.481,0.499,0.499,0.506,0.505,0.666,0.671,0.674,0.627,0.533,0.536,0.63,0.644,0.632,0.661,0.661,0.643,0.632,0.635,0.6,0.535,0.549,0.545,0.553,0.559,0.564,0.578,0.582,0.56,0.504,0.518,0.551,0.552,0.544,0.564,0.543,0.555,0.551,0.528,0.511,0.548,0.508,0.508,0.502,0.495,0.497,0.498,0.492,0.458,0.419,0.534,0.593,0.609,0.585,0.594,0.589,0.61,0.611,0.612,0.589,0.556,0.59,0.575,0.575,0.589,0.573,0.582,0.597,0.6,0.515,0.519,0.582,0.596,0.609,0.591,0.591,0.599,0.303,0.304,0.309,0.309,0.299,0.299,0.294,0.296,0.295,0.307,0.307,0.312,0.308,0.311,0.31,0.305,0.305,0.304,0.307,0.307,0.306,0.298,0.304,0.296,0.303,0.303,0.302,0.303,0.305,0.304,0.301,0.304,0.312,0.314,0.301,0.301,0.3,0.304,0.306,0.301,0.3,0.296,0.297,0.289,0.291,0.166,0.168,0.168,0.167,0.166,0.16,0.159,0.158
36:00:06,0,0.223,0.208,0.204,0.185,0.183,0.184,0.175,0.177,0.185,0.204,0.188,0.182,0.377,0.371,0.373,0.36,0.367,0.367,0.347,0.369,0.352,0.379,0.38,0.383,0.372,0.366,0.366,0.357,0.364,0.343,0.356,0.394,0.405,0.335,0.346,0.35,0.36,0.359,0.353,0.37,0.36,0.378,0.346,0.346,0.355,0.347,0.353,0.362,0.352,0.356,0.34,0.328,0.327,0.331,0.335,0.337,0.337,0.711,0.699,0.559,0.563,0.659,0.7,0.698,0.699,0.708,0.528,0.525,0.522,0.494,0.478,0.487,0.486,0.493,0.496,0.666,0.671,0.676,0.627,0.536,0.536,0.618,0.638,0.628,0.655,0.661,0.642,0.63,0.637,0.6,0.532,0.545,0.545,0.552,0.554,0.563,0.58,0.577,0.561,0.508,0.517,0.548,0.545,0.547,0.566,0.547,0.556,0.553,0.532,0.509,0.545,0.497,0.498,0.492,0.487,0.491,0.495,0.49,0.456,0.421,0.532,0.588,0.607,0.585,0.593,0.592,0.613,0.617,0.619,0.581,0.545,0.584,0.574,0.567,0.591,0.574,0.583,0.599,0.602,0.513,0.516,0.557,0.579,0.599,0.591,0.586,0.597,0.301,0.302,0.307,0.308,0.299,0.298,0.292,0.295,0.293,0.306,0.305,0.31,0.306,0.311,0.309,0.304,0.304,0.303,0.307,0.306,0.305,0.297,0.304,0.294,0.301,0.301,0.3,0.301,0.303,0.303,0.299,0.302,0.308,0.312,0.3,0.3,0.299,0.303,0.305,0.3,0.3,0.294,0.296,0.287,0.29,0.163,0.165,0.165,0.163,0.163,0.157,0.156,0.154
36:30:06,0,0.226,0.209,0.205,0.187,0.186,0.187,0.178,0.18,0.188,0.208,0.191,0.185,0.395,0.387,0.389,0.374,0.379,0.382,0.361,0.388,0.364,0.401,0.403,0.406,0.388,0.381,0.383,0.373,0.377,0.357,0.368,0.417,0.425,0.347,0.361,0.363,0.373,0.374,0.37,0.385,0.375,0.396,0.361,0.363,0.369,0.359,0.368,0.374,0.368,0.371,0.35,0.34,0.338,0.344,0.346,0.349,0.349,0.722,0.702,0.569,0.572,0.68,0.71,0.705,0.71,0.724,0.55,0.545,0.546,0.515,0.507,0.515,0.515,0.522,0.518,0.68,0.686,0.69,0.641,0.545,0.544,0.643,0.657,0.645,0.669,0.673,0.656,0.644,0.652,0.617,0.538,0.553,0.552,0.557,0.566,0.577,0.594,0.591,0.57,0.513,0.524,0.557,0.572,0.561,0.578,0.56,0.569,0.57,0.54,0.518,0.557,0.52,0.521,0.515,0.508,0.51,0.509,0.506,0.487,0.435,0.535,0.613,0.629,0.601,0.609,0.607,0.627,0.627,0.633,0.598,0.563,0.61,0.59,0.583,0.605,0.586,0.597,0.61,0.613,0.527,0.525,0.598,0.61,0.623,0.605,0.602,0.614,0.312,0.314,0.322,0.319,0.307,0.306,0.3,0.304,0.302,0.32,0.319,0.327,0.322,0.32,0.32,0.314,0.315,0.315,0.315,0.316,0.315,0.306,0.315,0.302,0.309,0.309,0.309,0.31,0.311,0.312,0.308,0.311,0.32,0.324,0.308,0.308,0.307,0.312,0.314,0.308,0.309,0.304,0.306,0.294,0.292,0.167,0.169,0.169,0.167,0.167,0.161,0.16,0.159
37:00:06,0,0.226,0.21,0.206,0.185,0.184,0.185,0.176,0.178,0.187,0.21,0.19,0.183,0.383,0.376,0.377,0.367,0.373,0.374,0.352,0.374,0.357,0.384,0.387,0.387,0.376,0.369,0.369,0.362,0.364,0.346,0.36,0.398,0.405,0.338,0.35,0.355,0.363,0.367,0.357,0.374,0.365,0.385,0.35,0.352,0.361,0.35,0.357,0.363,0.357,0.359,0.345,0.333,0.33,0.337,0.339,0.341,0.342,0.71,0.686,0.562,0.569,0.67,0.696,0.69,0.694,0.706,0.54,0.538,0.538,0.503,0.498,0.51,0.511,0.519,0.513,0.671,0.673,0.678,0.629,0.539,0.54,0.636,0.645,0.638,0.661,0.661,0.646,0.632,0.637,0.601,0.537,0.55,0.548,0.557,0.565,0.571,0.588,0.589,0.561,0.509,0.524,0.556,0.565,0.555,0.563,0.554,0.562,0.563,0.535,0.514,0.557,0.52,0.52,0.513,0.506,0.508,0.507,0.503,0.482,0.428,0.549,0.61,0.623,0.598,0.6,0.6,0.615,0.619,0.628,0.59,0.562,0.601,0.583,0.58,0.6,0.578,0.589,0.604,0.605,0.514,0.524,0.596,0.609,0.615,0.603,0.598,0.608,0.305,0.307,0.311,0.311,0.301,0.301,0.296,0.299,0.297,0.31,0.309,0.314,0.308,0.313,0.313,0.308,0.308,0.307,0.309,0.308,0.308,0.3,0.307,0.298,0.305,0.305,0.305,0.305,0.307,0.307,0.303,0.306,0.314,0.317,0.304,0.305,0.304,0.308,0.31,0.304,0.304,0.299,0.302,0.293,0.294,0.165,0.167,0.167,0.165,0.165,0.159,0.158,0.156
37:30:06,0,0.227,0.211,0.206,0.185,0.184,0.186,0.176,0.178,0.187,0.215,0.19,0.183,0.379,0.374,0.374,0.367,0.371,0.375,0.353,0.374,0.359,0.383,0.382,0.383,0.375,0.37,0.369,0.362,0.364,0.345,0.363,0.396,0.404,0.339,0.352,0.356,0.364,0.369,0.359,0.374,0.369,0.384,0.349,0.352,0.361,0.351,0.357,0.366,0.356,0.359,0.344,0.332,0.331,0.336,0.339,0.341,0.343,0.708,0.689,0.559,0.571,0.652,0.687,0.688,0.693,0.703,0.546,0.538,0.54,0.504,0.49,0.499,0.512,0.52,0.519,0.671,0.672,0.677,0.63,0.537,0.542,0.609,0.627,0.63,0.647,0.656,0.643,0.634,0.639,0.607,0.537,0.549,0.547,0.552,0.563,0.566,0.585,0.577,0.559,0.512,0.519,0.554,0.553,0.546,0.561,0.544,0.565,0.558,0.532,0.512,0.54,0.511,0.518,0.514,0.507,0.511,0.509,0.504,0.491,0.432,0.541,0.573,0.598,0.58,0.595,0.595,0.618,0.618,0.621,0.587,0.541,0.58,0.564,0.561,0.593,0.566,0.586,0.601,0.605,0.517,0.521,0.564,0.574,0.581,0.59,0.589,0.602,0.306,0.307,0.311,0.312,0.303,0.303,0.297,0.3,0.298,0.31,0.31,0.315,0.311,0.312,0.312,0.308,0.308,0.307,0.309,0.308,0.308,0.3,0.307,0.298,0.305,0.305,0.305,0.306,0.307,0.307,0.304,0.306,0.313,0.316,0.304,0.305,0.304,0.308,0.31,0.304,0.304,0.299,0.3,0.292,0.294,0.166,0.168,0.168,0.166,0.166,0.159,0.159,0.157
38:00:06,0,0.224,0.208,0.205,0.186,0.184,0.185,0.175,0.177,0.187,0.22,0.192,0.185,0.385,0.378,0.375,0.364,0.369,0.373,0.35,0.371,0.357,0.388,0.39,0.391,0.376,0.371,0.371,0.36,0.361,0.345,0.361,0.401,0.409,0.337,0.351,0.354,0.362,0.366,0.359,0.371,0.366,0.386,0.351,0.353,0.359,0.348,0.355,0.363,0.356,0.356,0.344,0.332,0.329,0.337,0.337,0.338,0.339,0.706,0.692,0.562,0.569,0.665,0.695,0.691,0.693,0.705,0.546,0.54,0.536,0.503,0.498,0.509,0.509,0.517,0.515,0.671,0.675,0.68,0.625,0.534,0.538,0.621,0.635,0.621,0.657,0.658,0.639,0.632,0.639,0.6,0.536,0.547,0.55,0.553,0.563,0.567,0.586,0.585,0.556,0.502,0.515,0.552,0.56,0.549,0.562,0.543,0.559,0.554,0.532,0.506,0.54,0.511,0.52,0.512,0.501,0.504,0.504,0.499,0.48,0.431,0.548,0.589,0.619,0.595,0.601,0.599,0.621,0.622,0.631,0.581,0.544,0.587,0.572,0.559,0.597,0.574,0.576,0.595,0.608,0.514,0.519,0.584,0.599,0.606,0.593,0.591,0.607,0.304,0.305,0.309,0.31,0.301,0.3,0.295,0.297,0.296,0.307,0.306,0.311,0.309,0.311,0.31,0.305,0.306,0.305,0.308,0.307,0.306,0.299,0.306,0.298,0.305,0.304,0.304,0.304,0.305,0.305,0.302,0.304,0.311,0.314,0.304,0.305,0.304,0.308,0.309,0.303,0.303,0.298,0.3,0.291,0.294,0.165,0.167,0.167,0.165,0.165,0.159,0.158,0.156
38:30:06,0,0.225,0.209,0.205,0.184,0.183,0.184,0.175,0.177,0.186,0.224,0.19,0.182,0.381,0.375,0.373,0.365,0.371,0.373,0.352,0.375,0.358,0.384,0.386,0.389,0.377,0.372,0.373,0.362,0.364,0.347,0.361,0.397,0.407,0.338,0.353,0.357,0.364,0.369,0.359,0.378,0.369,0.387,0.352,0.356,0.362,0.351,0.359,0.365,0.359,0.359,0.344,0.333,0.33,0.338,0.338,0.34,0.342,0.706,0.691,0.563,0.569,0.66,0.696,0.69,0.694,0.702,0.553,0.549,0.546,0.509,0.502,0.518,0.521,0.529,0.526,0.675,0.676,0.678,0.629,0.535,0.538,0.616,0.637,0.622,0.663,0.663,0.644,0.634,0.638,0.605,0.535,0.547,0.548,0.552,0.561,0.566,0.584,0.575,0.558,0.509,0.518,0.552,0.565,0.554,0.56,0.547,0.561,0.564,0.531,0.511,0.54,0.528,0.532,0.524,0.515,0.517,0.516,0.51,0.477,0.435,0.566,0.579,0.621,0.597,0.6,0.6,0.622,0.623,0.628,0.584,0.538,0.588,0.574,0.562,0.6,0.583,0.584,0.604,0.608,0.517,0.52,0.569,0.6,0.611,0.599,0.598,0.608,0.306,0.308,0.313,0.311,0.301,0.301,0.296,0.298,0.297,0.309,0.308,0.314,0.309,0.314,0.313,0.307,0.308,0.307,0.31,0.309,0.308,0.301,0.308,0.299,0.305,0.305,0.305,0.305,0.307,0.306,0.304,0.306,0.311,0.316,0.304,0.305,0.304,0.308,0.31,0.304,0.305,0.3,0.301,0.292,0.293,0.163,0.165,0.165,0.163,0.162,0.156,0.155,0.153
39:00:06,0,0.236,0.219,0.215,0.194,0.192,0.194,0.185,0.187,0.196,0.239,0.201,0.193,0.399,0.392,0.389,0.378,0.385,0.388,0.364,0.385,0.369,0.399,0.4,0.404,0.392,0.387,0.388,0.377,0.378,0.36,0.373,0.414,0.424,0.35,0.366,0.373,0.378,0.384,0.37,0.384,0.378,0.4,0.364,0.369,0.375,0.363,0.369,0.379,0.368,0.37,0.355,0.344,0.34,0.348,0.349,0.352,0.353,0.718,0.703,0.573,0.581,0.682,0.711,0.703,0.704,0.714,0.574,0.568,0.566,0.526,0.519,0.538,0.541,0.548,0.548,0.685,0.685,0.689,0.638,0.545,0.548,0.642,0.658,0.64,0.674,0.676,0.657,0.644,0.65,0.613,0.546,0.559,0.558,0.562,0.572,0.578,0.606,0.595,0.571,0.516,0.529,0.562,0.573,0.574,0.579,0.564,0.566,0.578,0.551,0.518,0.562,0.538,0.548,0.541,0.531,0.534,0.531,0.528,0.511,0.441,0.573,0.605,0.638,0.608,0.614,0.612,0.633,0.636,0.64,0.603,0.56,0.61,0.598,0.59,0.614,0.594,0.605,0.612,0.621,0.53,0.535,0.606,0.624,0.629,0.615,0.613,0.62,0.317,0.319,0.325,0.32,0.311,0.311,0.305,0.308,0.306,0.319,0.318,0.323,0.319,0.321,0.322,0.317,0.317,0.316,0.319,0.319,0.318,0.31,0.317,0.308,0.315,0.315,0.315,0.315,0.317,0.317,0.314,0.316,0.321,0.324,0.312,0.314,0.313,0.317,0.319,0.312,0.313,0.308,0.31,0.302,0.302,0.174,0.177,0.177,0.175,0.174,0.168,0.167,0.165
39:30:06,0,0.226,0.21,0.204,0.183,0.182,0.183,0.173,0.175,0.185,0.232,0.188,0.181,0.381,0.376,0.375,0.366,0.372,0.375,0.351,0.372,0.357,0.383,0.383,0.384,0.376,0.371,0.372,0.362,0.362,0.344,0.36,0.397,0.405,0.338,0.355,0.36,0.367,0.372,0.358,0.372,0.366,0.385,0.35,0.356,0.362,0.35,0.356,0.364,0.355,0.355,0.342,0.33,0.328,0.336,0.337,0.338,0.341,0.699,0.684,0.553,0.568,0.666,0.696,0.686,0.687,0.696,0.558,0.549,0.549,0.526,0.506,0.522,0.528,0.535,0.536,0.672,0.671,0.675,0.625,0.531,0.536,0.62,0.636,0.629,0.655,0.662,0.642,0.629,0.636,0.604,0.533,0.546,0.546,0.55,0.559,0.567,0.586,0.581,0.558,0.508,0.517,0.549,0.552,0.553,0.561,0.552,0.554,0.562,0.535,0.512,0.539,0.52,0.536,0.531,0.522,0.525,0.52,0.517,0.506,0.433,0.562,0.571,0.619,0.585,0.599,0.596,0.618,0.616,0.622,0.587,0.539,0.586,0.574,0.571,0.601,0.58,0.591,0.599,0.604,0.519,0.521,0.572,0.592,0.596,0.598,0.598,0.607,0.303,0.305,0.31,0.309,0.3,0.3,0.294,0.297,0.296,0.306,0.306,0.312,0.31,0.31,0.31,0.305,0.305,0.304,0.308,0.307,0.307,0.299,0.306,0.296,0.303,0.302,0.303,0.303,0.304,0.304,0.301,0.303,0.311,0.312,0.301,0.302,0.301,0.305,0.307,0.301,0.302,0.296,0.298,0.29,0.291,0.163,0.165,0.165,0.163,0.163,0.157,0.156,0.154
40:00:06,0,0.225,0.207,0.203,0.181,0.18,0.181,0.171,0.173,0.183,0.234,0.186,0.179,0.382,0.377,0.375,0.368,0.371,0.377,0.352,0.37,0.355,0.386,0.385,0.388,0.379,0.372,0.374,0.364,0.364,0.345,0.361,0.402,0.411,0.338,0.357,0.361,0.37,0.374,0.361,0.373,0.365,0.39,0.353,0.359,0.364,0.351,0.357,0.365,0.357,0.354,0.343,0.333,0.329,0.337,0.337,0.338,0.341,0.7,0.685,0.558,0.567,0.669,0.694,0.684,0.688,0.696,0.564,0.558,0.555,0.526,0.515,0.534,0.531,0.54,0.541,0.67,0.671,0.673,0.623,0.535,0.534,0.616,0.646,0.63,0.661,0.66,0.645,0.627,0.634,0.605,0.533,0.545,0.546,0.552,0.561,0.565,0.584,0.58,0.559,0.504,0.516,0.55,0.559,0.552,0.562,0.547,0.553,0.56,0.538,0.507,0.545,0.518,0.536,0.532,0.521,0.525,0.523,0.517,0.506,0.435,0.558,0.581,0.623,0.591,0.601,0.597,0.615,0.616,0.621,0.586,0.546,0.592,0.581,0.582,0.603,0.58,0.592,0.604,0.603,0.517,0.516,0.588,0.601,0.614,0.602,0.599,0.609,0.303,0.305,0.31,0.309,0.301,0.3,0.294,0.297,0.295,0.307,0.306,0.311,0.309,0.309,0.31,0.305,0.305,0.305,0.309,0.308,0.308,0.299,0.306,0.297,0.304,0.303,0.303,0.304,0.306,0.306,0.303,0.305,0.314,0.314,0.302,0.303,0.302,0.306,0.308,0.302,0.303,0.298,0.299,0.29,0.292,0.159,0.161,0.161,0.159,0.159,0.153,0.152,0.15
40:30:06,0,0.232,0.215,0.211,0.188,0.187,0.189,0.179,0.181,0.19,0.245,0.194,0.187,0.391,0.386,0.385,0.379,0.381,0.387,0.358,0.381,0.366,0.394,0.392,0.396,0.387,0.381,0.382,0.375,0.374,0.355,0.37,0.408,0.416,0.347,0.367,0.372,0.379,0.384,0.37,0.381,0.375,0.397,0.362,0.367,0.372,0.36,0.365,0.375,0.366,0.362,0.35,0.341,0.337,0.347,0.345,0.346,0.35,0.708,0.694,0.566,0.574,0.674,0.701,0.695,0.698,0.703,0.571,0.568,0.563,0.533,0.521,0.534,0.54,0.545,0.547,0.679,0.681,0.683,0.634,0.541,0.543,0.624,0.642,0.632,0.661,0.664,0.651,0.636,0.644,0.614,0.539,0.551,0.55,0.556,0.566,0.57,0.589,0.585,0.564,0.513,0.521,0.554,0.562,0.562,0.561,0.551,0.56,0.571,0.554,0.518,0.547,0.506,0.534,0.536,0.532,0.536,0.533,0.529,0.517,0.442,0.561,0.584,0.623,0.593,0.606,0.606,0.626,0.626,0.633,0.59,0.548,0.593,0.58,0.582,0.61,0.581,0.596,0.606,0.613,0.525,0.525,0.574,0.586,0.604,0.605,0.605,0.617,0.311,0.312,0.318,0.317,0.308,0.307,0.302,0.304,0.303,0.314,0.313,0.319,0.317,0.317,0.318,0.313,0.313,0.313,0.317,0.316,0.315,0.307,0.314,0.304,0.311,0.31,0.311,0.311,0.313,0.312,0.31,0.312,0.32,0.321,0.308,0.309,0.309,0.313,0.314,0.309,0.309,0.304,0.306,0.297,0.299,0.167,0.169,0.169,0.167,0.167,0.16,0.16,0.158
41:00:06,0,0.224,0.208,0.203,0.182,0.18,0.182,0.172,0.174,0.183,0.237,0.188,0.18,0.383,0.379,0.377,0.371,0.373,0.377,0.347,0.37,0.354,0.387,0.386,0.393,0.38,0.373,0.373,0.363,0.365,0.343,0.361,0.403,0.409,0.336,0.356,0.36,0.369,0.373,0.36,0.369,0.366,0.392,0.356,0.361,0.362,0.351,0.357,0.364,0.358,0.354,0.339,0.332,0.327,0.338,0.336,0.337,0.339,0.705,0.688,0.556,0.561,0.673,0.695,0.689,0.69,0.7,0.567,0.559,0.556,0.533,0.526,0.535,0.534,0.54,0.542,0.676,0.675,0.677,0.629,0.531,0.533,0.64,0.656,0.635,0.669,0.67,0.647,0.636,0.637,0.613,0.536,0.542,0.544,0.548,0.558,0.567,0.588,0.582,0.568,0.503,0.513,0.547,0.564,0.558,0.578,0.551,0.57,0.57,0.548,0.508,0.554,0.522,0.532,0.53,0.525,0.532,0.528,0.525,0.507,0.429,0.552,0.604,0.636,0.603,0.608,0.607,0.625,0.621,0.629,0.586,0.562,0.603,0.589,0.591,0.612,0.578,0.593,0.609,0.61,0.512,0.521,0.603,0.613,0.625,0.609,0.607,0.615,0.299,0.301,0.306,0.304,0.297,0.296,0.29,0.293,0.291,0.304,0.303,0.309,0.305,0.306,0.306,0.302,0.303,0.302,0.306,0.305,0.303,0.296,0.303,0.291,0.298,0.298,0.298,0.298,0.3,0.3,0.298,0.3,0.31,0.309,0.296,0.297,0.296,0.3,0.302,0.296,0.297,0.293,0.293,0.283,0.286,0.159,0.161,0.161,0.159,0.158,0.152,0.151,0.149
41:30:06,0,0.224,0.207,0.202,0.181,0.179,0.181,0.171,0.173,0.183,0.244,0.19,0.182,0.382,0.379,0.378,0.372,0.375,0.382,0.35,0.369,0.356,0.385,0.384,0.388,0.379,0.374,0.374,0.368,0.37,0.347,0.362,0.398,0.408,0.34,0.36,0.367,0.377,0.38,0.362,0.372,0.368,0.393,0.358,0.363,0.366,0.355,0.36,0.37,0.363,0.355,0.341,0.333,0.328,0.34,0.337,0.339,0.341,0.7,0.686,0.558,0.567,0.671,0.695,0.685,0.689,0.697,0.574,0.571,0.565,0.536,0.522,0.536,0.541,0.547,0.549,0.674,0.674,0.676,0.627,0.533,0.531,0.62,0.646,0.635,0.663,0.661,0.645,0.631,0.639,0.61,0.534,0.544,0.545,0.547,0.558,0.563,0.581,0.586,0.558,0.5,0.513,0.549,0.554,0.545,0.572,0.547,0.573,0.573,0.538,0.509,0.538,0.494,0.512,0.526,0.531,0.536,0.53,0.526,0.514,0.431,0.561,0.588,0.622,0.599,0.603,0.604,0.622,0.62,0.633,0.604,0.539,0.596,0.58,0.584,0.607,0.574,0.596,0.603,0.609,0.525,0.522,0.577,0.586,0.606,0.601,0.602,0.614,0.302,0.303,0.308,0.308,0.299,0.299,0.293,0.296,0.294,0.305,0.304,0.31,0.308,0.308,0.309,0.304,0.304,0.303,0.308,0.307,0.306,0.299,0.306,0.295,0.301,0.301,0.301,0.302,0.303,0.303,0.301,0.303,0.312,0.312,0.299,0.3,0.3,0.303,0.306,0.299,0.3,0.294,0.295,0.287,0.29,0.162,0.164,0.164,0.161,0.161,0.155,0.154,0.152
42:00:06,0,0.237,0.218,0.216,0.192,0.191,0.192,0.181,0.184,0.193,0.26,0.201,0.193,0.406,0.397,0.399,0.386,0.388,0.393,0.367,0.382,0.371,0.406,0.406,0.413,0.399,0.39,0.396,0.383,0.385,0.362,0.377,0.42,0.425,0.352,0.374,0.378,0.389,0.389,0.376,0.39,0.38,0.407,0.373,0.373,0.377,0.367,0.372,0.383,0.374,0.368,0.357,0.346,0.341,0.355,0.349,0.35,0.352,0.723,0.706,0.573,0.582,0.691,0.709,0.703,0.71,0.718,0.594,0.589,0.583,0.554,0.539,0.55,0.556,0.563,0.564,0.696,0.696,0.697,0.648,0.546,0.548,0.647,0.662,0.642,0.678,0.685,0.663,0.655,0.661,0.623,0.546,0.56,0.559,0.561,0.572,0.587,0.601,0.596,0.569,0.515,0.525,0.56,0.558,0.565,0.569,0.569,0.573,0.58,0.552,0.515,0.552,0.534,0.544,0.552,0.556,0.558,0.556,0.552,0.537,0.443,0.573,0.601,0.638,0.608,0.622,0.625,0.634,0.635,0.653,0.603,0.559,0.602,0.59,0.582,0.622,0.572,0.602,0.633,0.635,0.525,0.533,0.602,0.624,0.633,0.609,0.618,0.632,0.314,0.315,0.321,0.32,0.311,0.311,0.306,0.308,0.306,0.318,0.317,0.323,0.322,0.322,0.322,0.317,0.317,0.317,0.319,0.319,0.318,0.312,0.319,0.308,0.313,0.313,0.314,0.314,0.315,0.315,0.313,0.315,0.327,0.327,0.312,0.313,0.312,0.316,0.318,0.312,0.313,0.309,0.31,0.3,0.301,0.171,0.174,0.173,0.171,0.171,0.165,0.164,0.163
42:30:06,0,0.229,0.212,0.207,0.184,0.183,0.184,0.173,0.176,0.185,0.255,0.193,0.185,0.39,0.382,0.385,0.377,0.378,0.387,0.355,0.374,0.361,0.391,0.392,0.398,0.388,0.378,0.387,0.375,0.375,0.352,0.364,0.408,0.417,0.344,0.369,0.374,0.389,0.386,0.365,0.381,0.37,0.397,0.365,0.367,0.371,0.361,0.366,0.376,0.366,0.36,0.347,0.336,0.332,0.347,0.341,0.343,0.345,0.706,0.692,0.565,0.571,0.682,0.703,0.692,0.693,0.704,0.589,0.582,0.578,0.546,0.527,0.553,0.556,0.565,0.559,0.679,0.679,0.68,0.635,0.538,0.538,0.64,0.663,0.637,0.673,0.669,0.655,0.638,0.642,0.61,0.531,0.551,0.549,0.55,0.559,0.57,0.585,0.578,0.554,0.504,0.518,0.552,0.551,0.558,0.557,0.561,0.562,0.574,0.555,0.511,0.547,0.512,0.523,0.518,0.537,0.542,0.538,0.535,0.52,0.438,0.545,0.598,0.629,0.602,0.609,0.611,0.626,0.63,0.638,0.599,0.554,0.601,0.589,0.592,0.615,0.586,0.602,0.614,0.62,0.519,0.529,0.595,0.613,0.626,0.608,0.609,0.621,0.304,0.306,0.311,0.311,0.301,0.302,0.296,0.299,0.297,0.308,0.308,0.313,0.312,0.313,0.313,0.308,0.308,0.308,0.311,0.311,0.309,0.303,0.311,0.299,0.305,0.305,0.304,0.305,0.307,0.306,0.304,0.307,0.32,0.316,0.302,0.304,0.303,0.307,0.309,0.303,0.305,0.3,0.3,0.29,0.291,0.163,0.165,0.165,0.163,0.163,0.157,0.156,0.155
43:00:06,0,0.235,0.218,0.212,0.19,0.188,0.19,0.18,0.182,0.191,0.265,0.2,0.191,0.395,0.386,0.39,0.385,0.387,0.396,0.362,0.379,0.369,0.397,0.396,0.4,0.393,0.385,0.392,0.382,0.383,0.359,0.374,0.41,0.42,0.352,0.376,0.382,0.397,0.397,0.376,0.387,0.379,0.403,0.374,0.376,0.38,0.371,0.374,0.387,0.376,0.369,0.355,0.344,0.34,0.354,0.349,0.35,0.354,0.715,0.701,0.572,0.578,0.69,0.713,0.703,0.704,0.711,0.601,0.597,0.589,0.554,0.533,0.549,0.562,0.57,0.572,0.689,0.69,0.69,0.645,0.542,0.546,0.639,0.66,0.639,0.678,0.677,0.662,0.647,0.653,0.623,0.548,0.559,0.555,0.558,0.566,0.575,0.59,0.59,0.572,0.512,0.523,0.562,0.573,0.566,0.57,0.566,0.581,0.585,0.551,0.515,0.55,0.509,0.52,0.522,0.555,0.561,0.556,0.553,0.536,0.443,0.553,0.6,0.632,0.607,0.616,0.618,0.63,0.634,0.645,0.611,0.557,0.6,0.587,0.595,0.614,0.587,0.608,0.622,0.629,0.533,0.53,0.585,0.598,0.616,0.617,0.615,0.629,0.313,0.315,0.32,0.319,0.31,0.309,0.304,0.306,0.305,0.315,0.315,0.32,0.319,0.321,0.321,0.316,0.316,0.316,0.32,0.319,0.318,0.311,0.318,0.307,0.313,0.312,0.313,0.313,0.314,0.314,0.312,0.315,0.327,0.325,0.311,0.312,0.311,0.315,0.318,0.31,0.312,0.306,0.307,0.298,0.298,0.17,0.172,0.171,0.17,0.169,0.163,0.163,0.161
43:30:06,0,0.237,0.221,0.214,0.191,0.189,0.191,0.181,0.183,0.193,0.268,0.203,0.194,0.396,0.387,0.391,0.386,0.388,0.393,0.363,0.375,0.372,0.4,0.4,0.402,0.395,0.387,0.394,0.382,0.38,0.361,0.377,0.414,0.424,0.356,0.379,0.384,0.397,0.398,0.377,0.386,0.38,0.405,0.377,0.379,0.38,0.373,0.374,0.386,0.375,0.368,0.356,0.347,0.34,0.356,0.35,0.35,0.354,0.716,0.701,0.573,0.579,0.688,0.712,0.701,0.703,0.713,0.598,0.597,0.591,0.552,0.531,0.55,0.562,0.571,0.567,0.688,0.69,0.689,0.643,0.543,0.547,0.632,0.658,0.633,0.671,0.674,0.662,0.645,0.652,0.623,0.546,0.56,0.558,0.559,0.568,0.575,0.588,0.585,0.578,0.514,0.523,0.56,0.56,0.558,0.57,0.569,0.564,0.578,0.558,0.517,0.548,0.504,0.511,0.515,0.549,0.555,0.553,0.552,0.532,0.445,0.553,0.589,0.625,0.603,0.613,0.619,0.624,0.633,0.645,0.613,0.552,0.6,0.579,0.586,0.617,0.585,0.602,0.619,0.63,0.528,0.533,0.582,0.588,0.605,0.611,0.613,0.627,0.314,0.314,0.32,0.321,0.312,0.311,0.306,0.308,0.306,0.316,0.316,0.321,0.32,0.322,0.322,0.316,0.317,0.316,0.32,0.318,0.318,0.311,0.318,0.309,0.314,0.314,0.314,0.314,0.315,0.315,0.312,0.314,0.326,0.326,0.313,0.315,0.314,0.318,0.32,0.313,0.314,0.307,0.309,0.3,0.299,0.17,0.172,0.172,0.17,0.169,0.163,0.163,0.161
44:00:06,0,0.23,0.214,0.207,0.186,0.184,0.186,0.177,0.179,0.187,0.262,0.198,0.189,0.393,0.385,0.389,0.383,0.385,0.393,0.358,0.374,0.362,0.396,0.397,0.402,0.392,0.383,0.391,0.381,0.377,0.356,0.371,0.414,0.424,0.351,0.376,0.381,0.396,0.393,0.373,0.381,0.374,0.405,0.375,0.378,0.379,0.371,0.374,0.382,0.373,0.365,0.35,0.342,0.337,0.354,0.345,0.347,0.35,0.711,0.698,0.565,0.574,0.69,0.712,0.7,0.701,0.71,0.604,0.598,0.596,0.553,0.535,0.562,0.567,0.575,0.575,0.686,0.687,0.687,0.639,0.539,0.542,0.647,0.67,0.637,0.68,0.677,0.662,0.639,0.648,0.615,0.54,0.552,0.555,0.553,0.567,0.569,0.589,0.587,0.569,0.509,0.521,0.556,0.564,0.559,0.574,0.567,0.579,0.582,0.556,0.511,0.556,0.524,0.531,0.524,0.544,0.552,0.551,0.553,0.524,0.438,0.544,0.596,0.627,0.607,0.614,0.617,0.621,0.631,0.638,0.6,0.547,0.601,0.585,0.59,0.619,0.578,0.604,0.623,0.628,0.526,0.534,0.607,0.607,0.629,0.617,0.618,0.625,0.308,0.309,0.314,0.315,0.305,0.305,0.299,0.302,0.3,0.311,0.311,0.316,0.315,0.318,0.317,0.311,0.312,0.311,0.315,0.314,0.313,0.306,0.314,0.302,0.308,0.307,0.307,0.307,0.309,0.309,0.306,0.309,0.322,0.324,0.307,0.308,0.307,0.312,0.314,0.306,0.309,0.301,0.303,0.292,0.291,0.165,0.167,0.167,0.165,0.164,0.158,0.158,0.156
44:30:06,0,0.236,0.22,0.213,0.19,0.189,0.19,0.181,0.183,0.191,0.26,0.204,0.193,0.395,0.386,0.392,0.386,0.392,0.4,0.363,0.371,0.369,0.397,0.397,0.4,0.392,0.386,0.395,0.384,0.382,0.36,0.374,0.409,0.42,0.355,0.377,0.383,0.398,0.397,0.377,0.383,0.379,0.404,0.377,0.38,0.382,0.376,0.377,0.388,0.379,0.369,0.354,0.345,0.339,0.357,0.349,0.349,0.353,0.715,0.703,0.569,0.579,0.68,0.71,0.7,0.706,0.715,0.61,0.607,0.605,0.552,0.519,0.545,0.559,0.567,0.568,0.688,0.69,0.692,0.64,0.543,0.553,0.627,0.652,0.627,0.667,0.672,0.663,0.642,0.651,0.617,0.552,0.555,0.554,0.556,0.564,0.571,0.586,0.582,0.574,0.506,0.521,0.555,0.558,0.564,0.568,0.563,0.574,0.568,0.554,0.512,0.542,0.491,0.5,0.502,0.537,0.549,0.549,0.554,0.523,0.443,0.552,0.589,0.62,0.596,0.612,0.618,0.621,0.631,0.643,0.605,0.543,0.591,0.569,0.575,0.617,0.574,0.602,0.621,0.63,0.524,0.532,0.573,0.596,0.596,0.609,0.604,0.627,0.312,0.313,0.318,0.318,0.309,0.309,0.304,0.306,0.305,0.315,0.314,0.319,0.317,0.319,0.319,0.313,0.314,0.314,0.318,0.316,0.316,0.309,0.316,0.306,0.311,0.311,0.311,0.311,0.313,0.312,0.31,0.312,0.326,0.327,0.31,0.312,0.311,0.315,0.317,0.31,0.312,0.307,0.306,0.296,0.296,0.169,0.172,0.171,0.169,0.169,0.163,0.162,0.16